717829892453195776
702989843870056448
703193331673595906
702175384159150083
3105433974
703391114573668357
702338060705333248
702225517127213057
703336565745934338
128025605
498277674
186482705
354631186
703078328614301699
67133460
215693998
705750361
700511070331383812
702608246100463621
700022816
3308093475
703235249942036481
2203408938
19562535
4912107193
14221354
39878663
2896650286
456168729
493469748
59557214
283660297
627056699
4907089980
323514340
889593920
113467459
1641635911
702580358038974464
633343998
486301771
38526989
32170064
2837912249
703027602949148672
80683100
19833070
16441439
2176432423
702644449126584320
534889830
65466385
25165931
2957859621
2340446318
2974990447
595566707
314023502
4908580981
53739638
2874406249
3521052792
702705625990467584
2417762426
319848572
2330624130
14619521
700666514941153280
27308535
17547404
213701921
473145488
297058449
861749396
88768661
3139199126
8765592
220363961
577725958
8612022
21045409
359170210
172802211
695474796457365505
292446376
2304346701
16142677
384647341
20701358
486293894
482178222
70549685
1570619574
1345380536
3983188153
246635802
74621115
139731132
1201056458
15777984
1112924353
702354434232160258
815423684
3042615493
19923143
1317763788
702272953287749632
14729421
1115873486
2281078993
58417364
3317560697
2248282524
993624284
499171550
4915122213
2525028578
231964900
1412890854
2840050385
628015339
2467766509
886882542
22887123
2675016404
130932777
50168056
2967609593
2226987258
19664938
1700502229
2531516672
220484992
1657967244
24822019
42017863
27721989
1686020359
607678170
1869795372
1188209316
380641551
2616598800
67363089
2562261266
16427245
149491758
2468167964
1957568797
68587568
4842062114
2349210331
3021750564
164708648
14393641
247415083
26976556
3221160237
15791661
110174512
4907319601
40550707
164838356
395174199
1340723252
3049464123
702339696307757056
379273534
12910912
981434689
1055351107
1289175368
2790024588
4910855565
15049040
41902423
237404504
2940070628
2590634136
702253730364792833
152529637
701591244502249473
15303011
574611814
34074684
11100522
66150766
3191060834
17591016
33923443
2937594228
56238455
2600277235
702196884706725888
153497736
270688635
2882340397
320545154
4904775356
702617369928019968
2942206343
385533471
230261129
888291726
391815569
62906774
275055001
1332060572
28410270
4903647984
478863778
703381225155604481
134249201
3156849630
131899463
425189805
703376841734692864
3185746351
199451056
2870878641
3311616434
703018442794749952
21829022
2981945783
161243578
350967199
2955374666
470335935
3238371776
179651009
703032618573377538
918723318
595624390
3306684874
104537331
2941665745
19659997
612975060
4866154967
703041950434201600
20354468
4745503195
89453989
16013168
19909371
3160064485
63566799
2518556190
24707563
8225262
408224240
2843458133
4704633334
367372328
702148251051397120
2601329148
14218666
2681983824
4310950402
14169953
43598341
702254536526725120
279175689
42680842
1321811900
16482276
61243585
42711303
17635680
4247655854
23490336
45907406
2376624900
13415462
1267911
2790693637
2506342944
704476537848901632
554711814
1256420785
703360035561164800
715374284
2436366891
2216387119
1527970406
1176347185
581255731
775229534
2793546294
35693855
418352928
2955186975
222852454
703410692980756481
137257547
300703737
703306027496820736
2974835279
702193574578778112
265606584
2480693846
62364923
23380568
180076645
54867223
2336824080
431756731
2983527014
701944703537717248
21874108
278692458
109950516
47202256
701939033815953408
57053288
2211463794
747928339
2432234942
320021110
1963418232
66536060
1571635837
614687358
4729078399
2427871873
169640578
2815664772
4694285078
703279552689098752
1434534536
4904608394
448873099
14172814
703346489922203649
1418994320
2646237842
612655763
13817002
160544196
53052058
25243
99635924
2964914848
605821353
700557245122105345
381032464
10781352
2468225706
543392428
199320239
2976367281
24412850
3284804275
190928674
398500537
3236553402
2719597244
2882762186
241722047
2790466241
700885863081725954
2298135235
2786943685
104272899
36272929
313058764
4838343370
3005173879
20735314
702146976486445056
698685437376753664
1257783416
1912406790
22110931
1528275668
4894939940
418911319
2778694364
76145373
700462495534698498
702306195344740355
3169162704
451855076
316783398
432636646
702443299500662784
62071530
4910310124
3096486638
801719023
248426544
1100415733
877077240
152101627
703027721048236033
139734507
465990186
55883616
223093508
702544185732128768
3056391
65680589
353060311
2843804431
2694617210
112879065
1130049668
2227364634
2932531996
8680922
4908450594
702130468485881857
2853906107
3685983016
20071211
87851820
700586295597277184
2843441
2829499187
18809657
344998714
1430676283
2263556928
1117782854
9175882
33977000
253092687
703261717921296384
207323988
25178673
3686064983
34612056
974510119
702560072472219648
311693609
381730960
2337050317
51650705
4906482492
17974123
522011500
14934893
272442338
3010587453
3023233907
709788535
3339035512
321675412
18301818
17163132
702202795500445697
369656702
71450773
2930205571
17928388
703056839768829952
4855962433
221799305
3073532810
21840781
2358526862
1276756879
17387672
31404936
3033203604
3422803438
1559937942
2734251
250135449
159155101
1845167006
4921992097
10412962
702646982054031360
702298277761282049
1561343334
224773030
703347496819380224
3018277804
4858397613
704157683448881152
4903238472
28901534
18275825
700772637933486080
94834847
741799381
701937666279866368
738956790
1661259937
3039942135
155337678
702619066746454016
22938580
59821751
703372049763315712
3178320036
859833306
3131679707
21259229
1682375648
2523833313
703373396344590336
3180991993
140051428
3346129893
90801126
60105705
292217834
22969958
360850415
1705468914
123620979
255706100
27304949
43779062
46932983
21261140
210871290
1468209384
2317155157
4904345472
23636912
39805956
1656466262
239584262
2616241345
1650989911
15774229
50228025
171648014
2883199149
510879933
333146968
436137900
2188444698
40608796
34030623
4912657663
700699469805826048
2489126689
2904135174
230745128
1615170396
80413738
109159943
45458477
18943963
2290279472
285131825
492671155
702223857042612224
1081
200223583
702286736164937728
609444021
1927595072
4868187203
133571652
17979132
3193111623
372819016
43484234
40739915
49980494
698035217861210112
348865617
206939218
208659539
973988948
14115925
17825977
40625241
3118851163
91201053
240058554
100929296
2937718819
319246523
2739553380
702510872502124545
121578598
2306323985
244788071
217191582
2291500141
24503407
423750504
4926145650
700110355
703289759917957121
51659894
2920178808
201504757
72590460
2349575018
4368450687
255280257
20612226
2264548483
107287585
702324028074135552
1317249217
2491802760
6268042
36881943
351150274
80512142
2326052306
2813461651
221455508
113269614
2722317462
2374616215
358846660
4847961244
619435868
40915141
701616340340084737
2800649384
27432476
3291693255
37323949
4909327901
145368240
49808562
233438067
987096246
702625142699114496
2748507323
702626052409942016
1149568189
279340223
600228394
3094619329
698888733228044290
1960789190
14296665
43957752
191375613
29846391
703390251394293761
40297681
2602026194
369149141
4281410774
23539263
39778552
27280933
94225632
523887841
2327389411
366721494
3005662441
2975217191
43487443
268043508
60957943
204956920
703322367771062272
702337505014591488
3683345665
3103742851
72090884
18906599
2532730124
14448173
26663443
30249176
283370771
15746606
242124055
1506305304
34202908
703385073798610944
607835696
47211811
37026181
20808999
703392339377541120
5735722
2424310663
703032315191042048
186508591
1569097008
20045629
703048645860392961
2541360691
4798607582
274699678
43828535
351593785
30508350
4012352834
1328250686
702169041146740736
14136886
17876294
29260880
21780703
624943330
3305162427
151364943
946514166
4068615506
1835331811
361997653
2938955095
16033112
2454651108
319273161
237938013
140272990
14973840
1428358500
3235552874
4832208230
4616144232
2442675564
698931015167782913
18031986
703044252570288129
18732606
26117495
49620543
53841860
703027565397569536
3158018965
36460096
348046722
703243202275491840
138541042
12970902
703237788733321216
35120520
41158026
3676890508
1369995906
6150202
36701589
1947542936
4835718724
68079855
258123164
780810000
702335070103797760
3042575777
12194742
703393702677360641
48948645
110634408
2573075886
1514612144
46654898
2142451
703398161813864449
18171319
2873168116
147998139
1363264956
22228476
533444894
494765504
2511848898
88704452
482605939
823813580
552469966
301819344
169364387
31057364
178570830
698699006025682944
2491617529
4909000152
3223725529
317378810
41266862
408622261
2252922199
15145894
31065681
175779741
2611340780
2799154770
16326909
388942760
16713202
37971443
42411510
24782888
701903148844093440
16229883
2474812925
2823218686
19373611
3300795907
4696802821
703368516590698496
3009564929
54978059
745367053
2710996495
186541584
4912088595
2353514004
169126830
3287819798
702192590070788096
35046937
2977392155
702189284036489221
4874675741
1199048222
3805550774
310339104
4909325232
1684350500
121234981
226718605
17958442
3059271211
543431602
46476830
904090399
137826568
703353326553792513
571206373
7636532
2930472542
3313854006
50410535
40817865
463046204
553920061
84753333
2200700480
14628448
25661441
2996078151
351934511
3075499598
10230712
2831615570
702283392335925248
2253375060
240354901
26183254
47667310
264470616
2755291435
2440799834
796173918
19883615
228254918
4892722788
111617640
107890282
349633864
2798691950
188073588
2370938492
2352465534
1115285119
629360257
146477924
512403075
4885180694
267929225
1406142090
703046268314976256
6395502
842622614
227526295
2228392363
703236880268046336
835803510
14677120
539330223
31311537
4779108020
310331063
50194104
703049489544671232
2236943306
188950206
2432433698
231917250
2985109189
294717126
2187601609
702331315341889537
3929745099
30639820
188191626
141061069
703054584185384960
565692115
3072263892
3010651861
218539738
2855036635
2914109148
2841696196
2357413603
1692567270
16189160
702583252272467969
772545194
2900821740
4918303698
4831008381
28739312
1566340542
702171442348097537
343511337
250373881
2902337278
2349890791
19064576
3193542272
1400760066
3024373507
1583260968
182372103
3011913480
2490237224
2485667594
703608265100275712
28436236
2412889874
152332051
1626122004
2695992068
174488537
1634141977
702680740392120320
29198115
2273412901
77039398
4770418993
703029271044837376
35161900
277985017
4903335560
19294002
4918699828
1695357918
164386441
379463482
316679997
1446201150
54650687
3056478017
181684037
25127265
563994935
703263642385412097
27508150
169518934
17423332
72701241
701465298973630465
575457119
2447173472
103614306
24053603
317540196
2160095078
2890868583
4233879868
88828903
2374502256
2513341416
2289961735
287270776
703265429133758464
12004002
2353696657
856819585
701171586
296380291
703319643230896128
702628858671996928
848234377
4803176331
2187339660
110524721
22685582
387375245
148195217
17332120
366099297
1096694628
2976814037
29493147
66910343
49383325
58124191
4836779937
83472339
702247220402196480
35604390
1100941224
417101468
702582184108883968
35246407
1679910829
436127663
402362697
3188866036
87934908
562123082
148416446
1338792949
1898391488
2358595915
702597334098509824
703397270419410945
2256236876
3111733196
991999650
34867150
31945037
703058382261874688
10661692
898066387
1945085910
27028473
211398992
220735459
207677414
15681512
3012824060
291805620
4864993264
243492849
1949763854
18884595
256116725
79066793
193030139
1428934609
30787583
32173951
1262767902
2802722819
21164991
701585919283888128
1931372551
1129056264
61535502
618451287
140009095
3316335803
416051545
108166248
996100122
17909423
54921246
148981791
28335626
701439121991012352
703402897162174465
3221424165
1554098214
620287665
320966346
17025065
18428438
893667372
201549870
4907206705
241969202
44189747
46129529
3311888438
9809602
702323653556310017
10298
100065631
4889782332
2345021
21407806
2926229173
127592513
588752962
22538308
4907762017
3138635848
1942102945
1403833292
700698357463805952
29827427
55371863
27486297
1204758620
3368110173
24528993
2352386737
2398191534
56811878
706734182
301107303
39192680
1320734600
3344197744
2824915063
712902776
1166810132
16709311
30460028
179562621
2960107646
4908685753
22931586
24440187
2283792517
1589192838
703366240790671360
4904268140
309815434
287095831
501039637
4540561
15823914
79128724
2566318231
1960954008
583960730
2975625805
20162719
2401650848
703300384060649472
1177659558
18131112
224052004
885000367
2593343664
1513859251
20922766
3022649033
10424
702325506092437505
3192948925
40231596
273633653
159721665
2287617739
2975926468
4909371766
702282893112905729
2555321684
552426530
31336655
259990457
33999058
788613331
607446734
2587715798
703303136287580160
701574056835813376
12806362
73986605
363128142
257083615
346032353
2813794800
16058600
629426409
78907626
16320748
180840685
499837169
2951194866
2872718517
4884859126
64172982
2784646868
2667284730
1513201
398097450
1961289985
1415842050
618363947
2547431126
703073778897592320
34760968
3416844553
14579415
22735116
161761550
17003157
121866513
1584124268
4924197139
1729366292
287956014
2150141550
2958643188
19581214
96856351
1539459360
40981260
703273867935031297
357024134
315450051
1202587944
152762076
2337351979
4926409004
4889508914
701663079919067136
6064432
294237487
613116213
1649461561
1651005151
703295530877607936
46300001
157174080
44378433
3062933826
94832963
259929085
951888204
1604490978
2837195088
3165893006
22205023
356398820
378653020
55789918
801118998
3078072672
4296198497
90278243
624396644
320038896
698609692092698625
161048936
213150057
2850094683
297585003
67388819
702215133939032065
107458963
3368192374
285658752
267929979
260090238
16365291
2179189124
702612414206971904
41662692
15043650
35321581
2471274896
3098290578
1355630995
36497812
16210847
2995028377
19573864
14649754
2165538367
2471872927
2456193444
2409518833
2377640360
251941276
1410853291
703043590994337792
30648752
48418334
4904069558
1172646301
4910171892
702521619001036801
3404548540
1905519037
125544899
433482181
2810270113
1482672584
2806172108
3067006322
3970230734
253234220
702303271461875712
2530930622
545294802
2548255188
939629646
14174678
3020240633
41044440
4842373540
1567375154
2274732510
4914019408
175155684
764750310
1931979240
44280297
2281490922
321014251
2509093970
500337135
4585851376
142903796
6604542
49441272
702148088178184192
2591623674
4865447679
2779195903
703057968909004800
1286747904
15447545
558911915
266804029
1108232712
94949804
106164041
48744976
2350833008
29264402
2927286019
144802222
4899973654
16161881
19494660
3060083226
33597979
220195356
504711711
702573957329760256
14225040
754477604
703045879171665920
1883097643
2892714418
27958365
114644744
120164787
266218038
42912312
558230074
47479903
2308680253
54406648
2230511371
702314966192226304
242559559
19417672
139274826
27824450
702594938819760128
1548485514
2299660880
2787904084
30141016
126169530
212747787
158206559
138640712
701819613500334080
2454751844
845706414
620592231
4895076104
151896509
809503345
19949331
26288413
174623350
253163284
2209262202
3187044799
4108675710
246844031
703092341775597568
344984203
837969043
702564058617131009
2752645777
20351634
1315236974
2424670872
11570762
2523239202
1537542812
15040500
2687593122
4826122916
277146278
698657983077687296
2561711713
1273186986
774599
15411886
416639666
1939073719
17009336
4577536697
1584151832
2545515637
25782049
554748618
4904078028
3566214433
2319706830
58301354
702601865381310464
37432020
189500117
56847062
251977215
1205791
1084216765
9358042
2354246096
18008804
16788197
26307302
702541185848479745
702170873667522561
699005601423097856
3188234023
409072668
150768368
2471242482
760522664
703303645647900672
478907130
2312948863
47549181
2796346496
774056707
703361723433033728
15010565
20249729
2157438764
2856758028
3231197965
800795408
1173080852
1375280624
1465756440
113349687
3242478362
703300932327485440
2828438302
2750766361
703404932041322496
335891235
37002374
703207159765422080
2874395435
27312791
2170481456
1238064264
431983412
2588297012
703017753880436737
27634494
2853726005
362933056
35811924
2341433010
398658384
2215070546
37028323
699279970745524224
18004561
2263608151
701614168227450880
17100644
700795469878980608
4652100444
16896485
858581856
174903883
102899664
17547750
252398438
703376389085368321
92138344
3107695466
2658569068
698423449136410625
1628162928
118352757
2398957039
15919992
124827833
2517986172
56314749
702353129757487104
27097089
703313063911424000
2936457025
2259348361
1553247115
85890882
15405549
4894093806
27544470
159566744
4893297563
188894109
702527466603065344
30272418
26823587
2863270822
703340594605608960
30534570
3077470023
703047956040065024
1024936880
829721526
2811497402
898102716
241814461
437193663
142519232
702266224789458944
183430084
296026614
3038096302
1151200200
52734922
4910092791
16067532
3423521
701853004576776193
212380624
218287058
14142419
4191988695
2753743832
18107355
2927913948
1257630685
2147544030
15406585
1884133201
4832234472
2720001002
2341019400
207268554
702319000206897153
1884400627
2889034741
20343798
108759583
3892128761
1411337210
31350724
37756074
19205119
703597555062419456
80400896
808053931
1299049476
2341420664
590580751
29275992
2993773612
600317063
1048964118
3160092218
14194522
3031731230
116804639
703324239814766592
2590542883
107780568
16261638
624211886
12097372
16411692
110332973
17058864
2707574605
1633560414
304566150
71150648
16886842
3526700092
40813279
1281334453
89487200
2347707458
357776566
22935393
3300781131
626191436
218770511
70790229
2181311574
1589007920
701948179432902657
173589861
144067680
338768400
275696742
113865233
239250536
3408202858
630533229
2930216046
621318757
2539908208
2945444978
994356342
101832553
702628646586978304
2435599616
1561840764
609414271
2446713998
35667631
7376002
1351298180
1676071446
2714603347
2430979207
111627400
4571524234
14164503
92985666
22301837
1281739920
34730520
396242066
3044863124
3074062190
312274070
291282933
59337887
19380487
2733053808
49507491
1061752477
2798972071
701922272303394816
1258286252
30485679
320236721
36618545
380095667
1054076084
393612471
635694268
13880512
206761153
1401130178
2996716758
359666314
140534305
3061779656
2387956808
1653116112
21374840
338103506
1478790356
702184992110030848
23563481
838094042
3061664988
102238572
2324704482
317370343
325045480
806033276
15363308
105901294
3349458161
2808155378
3048963422
2414709972
92384506
635384362
2547533779
580390200
702608166941372416
538857425
32468230
2381081863
4240903438
1525084717
949161235
459402516
71080416
13334812
109985750
2897866009
4212460828
2984144160
1074482466
475299645
1308798246
4887227687
484994268
703031870359887873
22073937
50162989
3404500271
2153686920
2202357042
3124507699
2776296758
227503416
393490996
135394372
28200252
3730451774
126179993
2830448693
703388261821984769
16472215
111133238
26602822
22826311
1300720968
485992332
2957798731
702117254083706880
996078655
385125725
1101712734
702348460129845248
14445920
2649296226
1292103012
1164781
17059176
4907315772
279171199
2342645100
72652690
161353070
2491912765
702615588112183296
35051577
4857032054
21272780
190267967
2895990140
14974186
3640978815
703361606617411584
22886841
24038787
2432138322
18525573
44150150
846671240
2315755388
2705042826
373534091
6655372
162214466
3369692559
3116112663
2836191128
3836112274
2881916308
15685529
252243355
1016065436
3010489758
703027588449480704
2925933029
351612325
702544170246754304
1928841116
17595745
145374450
2947216640
2548420016
387439216
702276280486461441
702227100028301316
131665332
214207926
4876078521
24010839
702215452806635520
2837245375
3023113666
497570379
302771660
702982548775948288
305761742
4913335759
702291082915115008
16353187
2501750228
1011355094
701645200326660096
31313369
389426650
126735099
563844124
551431647
108727776
4877405667
44215780
929642406
4907740646
28650983
703357968863997953
2746945003
2401530450
3070987759
964210160
280235505
136744436
701941200039772161
23621110
14446071
2400300536
702617866634301440
726748668
2472504829
313372676
303243170
2517569024
494349825
20942338
93908483
107429819
2914610693
19082758
27307529
282316299
18361868
3044326658
4690937773
32984593
245313042
1359777301
703295600121360384
2940988951
109083908
2533477914
24653339
100676186
1117154846
2615744694
4909043232
3135327779
1320709668
20925989
54709799
1944997416
2745994793
2800332330
702568754346008576
21217145
30674480
94219825
526511666
3301142071
338611768
700776582277939200
2780327482
3443109435
4751158844
3030986302
39128864
2749886044
2998349377
2366541379
1681485380
2207468918
19189318
171675210
4904103499
314297932
2332439138
17329743
25439825
523177554
15634003
25554516
18776123
4342861399
702531670977548288
286387801
195435791
4918111836
3987680861
37760606
60542559
2509450848
4909715041
1070812770
110535270
1615875686
88716672
3009097321
15502954
512610919
322981484
450247855
17116782
702151960443625472
2783637106
4727942419
701982384258875393
4774481527
702509912501293056
381603450
3875968959
4908052093
4907806334
3459452543
702561093441302528
14604224
3432550018
1959620228
4909444741
701978061399457792
18165383
745384356
115265166
2382696079
4911763088
4653117073
2900465603
495141975
30002837
702294982669914113
373649047
4909289113
4909452954
6364442
478383774
61951649
543095466
1435922083
2163314340
1092249542
2779071089
702267280424456192
84393244
188952234
2828081095
96019058
4906684078
3114290863
2192608945
16002738
19861171
2185694900
3010473655
703386584851226624
321670842
3245829819
702223520374218752
104337086
4909256383
19123904
3288182465
4874505922
154529478
703347367551082496
2624556746
20869751
4907896525
1901358799
703325022748700672
1289482872
250760915
2979417814
2971824761
3065360090
3227799259
703041514318995457
276537134
18829024
24590288
460525283
422152078
263497681
4900597480
4907781865
135876331
196438550
2387390191
4872187632
2803735848
4645015282
3341627123
153039952
14216951
301215480
2853794596
2444381947
2350870268
26397994
2819215364
252409940
221867776
317370113
29470466
4909944581
4797075207
193507080
15445769
23662346
2946617099
701975681396137984
3095441166
2243472685
2508885776
4913123089
26423063
220565274
19606831
29962012
130926190
488731473
551391877
79908640
702255663519412224
703361015006691328
1030495537
2896836572
2880180011
1661205810
1111297838
4906848047
632811313
703053697362690049
1286475571
20655925
35203319
2815823672
1272860473
702579373585489920
4903391882
832507711
703387694122946560
1895010115
703311664397942784
385682742
12873542
853401433
110841673
702349119629742080
14307150
82084616
2263272865
500887378
3188109139
27324245
58502999
702617630461399040
405991258
2811749007
702629290693795841
1039699807
7147362
2993663844
1098755941
702153262770712576
2616856423
259526504
3082452284
40546155
413249389
91418478
120352625
216502130
153857907
4263882612
3150589813
119746424
702323020497457152
32706426
3404414271
3320688511
18640769
1362620292
703305865579790336
112622913
701943872021114880
17190794
57155435
521736076
37449614
172568464
703023054541201408
431117390
1286549395
4790120340
369154030
3291074458
318047091
3004698525
608292766
31042885
19156896
702281268910665728
4904292258
146714531
16330660
338849701
16905995
703390876647735297
701979739351699456
4494012329
23153991
22548396
57194482
702200242108653568
2751229872
2614648136
3206901682
4362112947
3289460661
4925116343
2932707256
4375424953
703386196685139968
702174962824536064
1071632317
2257129406
4448923583
2749878208
37973953
911821656
4907569092
757518278
4872540103
503369672
1607512009
3295811575
4902424525
22984244
702166526195953664
2352181201
2808229843
245870549
4818890710
1026723799
4662161369
99733467
2872766429
4912156638
483389407
2789109728
29634529
99332066
4889120739
3025891300
406491111
12264
2364370921
17027050
3002789867
1381453807
320090097
3107762162
703368728449187840
154597374
1462472695
2719985656
701481878939799552
2782384004
882085885
22876158
3173601279
704539130806595584
703125503150936065
699343899941343234
703354539315957763
703386719798718468
703051086496665605
703338077494837248
212250631
702354561474785289
493367307
312283150
392802319
276254736
3676524561
973921290
2905378838
395620375
2788864502
125523972
1242181658
2841686044
218681375
582996000
14577699
701942275258056705
829286406
301707302
712454833
4490121256
701964114302619648
28758060
3065868978
702239602027864064
68309040
197472308
30235998
1478201401
703041710549381120
111489354
1071329342
3299823680
702234212414271488
44718195
2885620460
2347454534
18141255
2649624648
2474299466
16060491
703375838281125888
305805325
740954192
17814200
19910740
528158806
73769657
5812312
52203610
698649610651193344
1621127264
43216993
698678316912545792
2179035236
1631846126
3188084838
544067688
21426281
3165327468
702623684259753985
22278255
4915158376
4900860018
258874296
4912025719
4910272632
1063637113
47222907
1135800444
4907374613
728936576
4147892353
2963140738
359690371
306040964
4912803973
703346313950269440
3185807496
75275628
250843274
3144962188
602116237
2925605007
20517008
58120216
194228371
834531476
139776149
852111510
134574396
4902752408
4915597469
342864030
219386015
703282704431755264
313413794
201822371
701515636158107649
2975289510
258011303
702342366133243904
24088745
3240480939
4048212140
2203775736
2986399041
417994781
2535903408
3177083058
3061797043
24776884
4907339958
4909232311
3695464632
30150841
18313402
44398623
4907954364
2345828324
4239551
702631701458063362
4908077251
4744196292
259427702
2484129990
578746401
251220168
979407049
2604069066
702169028781977600
4896846030
51076472
56717522
3601946659
1415798540
475495801
267784408
6670372
463081691
173125852
2411393246
4070207712
107630578
2786750691
2178674916
815911142
4220965097
1541099754
3239071979
150687980
4909175023
394211568
212840689
16584947
4293923060
3021757822
4912287990
256807159
701952807079809024
702605988675719168
34296059
1654468861
702215525556948996
2832191743
10285312
46944513
2973626626
17592581
701916503944339456
2352288007
258912520
353964297
3487838474
3103639712
803582220
164163854
536949464
30005404
17757469
2803863830
1179275545
2989265179
3271905564
60436765
48420912
55046435
702677086096465921
14175622
268113331
702542593855361025
2518252248
829753394
41201966
29233885
44847408
4901400881
301690792
263018960
206303966
70963510
44732727
38572344
156766521
1904865594
4819218747
3411800380
2330869130
2815734078
3187937599
525005120
702284907930853378
4904309059
286265668
4909439030
2422739270
2975805767
62386505
3083931978
39047499
117879116
609825101
22982991
460255568
2930159954
20738387
228457416
394744548
2885661014
18182487
34928858
3309654361
168857946
39301469
2420461920
702581587334967297
161746597
1384403300
1977012582
2560292924
36229863
466415980
3793891693
52998511
2553663857
483496307
4778793022
3373257078
305391918
21409212
4913262972
627749248
1670459778
2761842070
3359004737
4910297836
4508709259
3003873602
257618318
1175951
4907667859
1624265108
75719406
133888068
23990684
1317381296
2257971
21311906
32960932
390320552
2652008873
54063530
19919275
39481772
304225693
2912817584
1970024881
4765430194
702645914884657152
3081310644
2581070233
339167841
22163896
3225342393
371735125
15454651
3148698044
1361965501
4841148862
1250267893
339341760
2926350785
50942403
4904694212
2251362757
175419846
1198469575
1941737928
1893986761
4902678986
702617375909113856
3107959249
106951123
2933731796
4905431509
97776087
88289752
1125154212
2172932570
4089672155
25899487
28987873
1648620002
4908691939
420483557
904450536
355209705
26104299
2855809517
703967834984939520
393010600
3254776310
227054071
1061679608
702233182821715968
4927091195
1350062588
1154399658
3449483776
46709795
72569346
2732364291
163328517
702271691565629440
16470537
17044226
3284931086
252342799
1118122512
4567609873
3035394578
2743923220
4908757525
14946838
2195141144
538636825
2916954650
67572252
3240776221
17183262
612643589
48001568
702335038298304512
3221803555
152793636
40530469
553333287
3162821162
15053355
1517810221
701963110840606720
4702163503
3063395080
2578977330
16716340
17760185
703305490445393920
4899099197
3003847233
2238730818
3000111683
1349283254
230134342
3526652488
702261146380685313
16003658
19059275
1075360332
248484429
3187859143
4819587665
139129426
799316
20558606
167760471
701829430436433920
28586585
3494065158
4779954780
2823404986
702552439627485184
4909552225
184636002
2909475428
487731813
3005525853
702264803285344256
303824316
3437982314
786045031
59683436
15645871
189132552
55468027
1604866674
182014579
2993410679
833827448
699082481924870144
2896540283
74740348
280474237
72168063
35819230
378917506
352588419
115651205
702218684559851520
2686051425
27267720
301131059
4851774090
2788119179
167285388
4906701454
702588671799635969
4766888593
277475986
163721875
2306847380
2984351854
389468822
2353954098
19518203
4896494233
39154331
4872876700
4908733086
15662533
1020072608
15110818
1713631908
51180197
21099175
702209205789282304
2465043114
149369515
3593917101
251318959
2727015088
159216305
57143986
2859435814
2783023902
3237139128
244175545
78688955
4713943740
18272959
4919653056
347165472
80319171
267719364
19429494
1902744264
15207884
2796835531
744567500
697482520804380672
67127767
1004737315
1462792916
2798955982
3299259094
952111831
699239906745257984
2334446372
16611252
32715484
18618490
3302609630
384287525
2158171155
49790416
92099299
1024556569
155439845
2734838502
703356387498336256
3618633852
323850986
39932652
336212717
702332786011549697
93972605
30774000
585822169
29643507
2921042677
3300881142
4574188279
115184376
15703508
2810401531
2930447100
702570039422033921
702602725536575488
3435754241
2255581954
127046403
145675012
2433168133
72954631
4911690504
265212681
126112522
84971371
21254924
127268210
2991772430
1432113938
460675203
4925559572
380740398
4572934936
71332635
4904252190
227070751
2303681078
328954658
38441763
4908823332
1027707686
2796475175
2893009704
709071657
3051320106
38676615
344470317
702297422244945920
2413187887
4894077745
258439777
26882873
702513172066885632
454398783
154411119
4901942081
14119746
14473355
23723774
4889015110
282748949
3021157192
239514443
1720243022
277803855
703346722169188352
2323290236
29651794
234861395
701826126553812993
37843797
4904096599
703041748046450688
56544740
597922650
77067099
71766878
3302363999
2578873694
288535394
1260729188
73290598
3074339688
4906581479
16798574
4900770671
702342915993899008
3421236712
678303
31331190
2936363512
703080142197788672
548688763
520926087
3250516861
4351923072
887595840
1885320067
4913165190
31273793
364991368
4888204170
4271649675
4880716684
2873570189
361443139
1862480784
39285649
18460178
824211
1658270612
902497362
2645390232
267457433
2351854490
4902378991
2359792904
4904268703
702188732531650560
287519651
697363684276989953
4904096582
829838246
14988199
25392040
15946665
703229372740689921
14113935
1223709613
2977199022
281056175
4335416241
698688729100263424
4904457140
380586142
456889270
1959252919
2698577436
4898780090
91050940
792826813
4913132479
959632320
2885490918
29070155
2657649414
1601687030
346174406
2315674152
2283731592
317395915
1278859716
1606301858
3222361038
701982834513330176
3232756688
192257528
1452021786
244233171
1722905556
14799829
2542041907
14324559
702111089685827584
306306554
2795271134
36746209
790066147
26859686
805385190
4909527889
1208988649
4913304554
4903924716
2703381485
9057262
6140912
385798122
17789940
39130103
724186104
702309841293840384
1859515387
2670704810
702309755088285696
1395569665
4344280067
3139736580
702324834286501888
47676929
4710216713
532518292
128099159
2652733250
4423323138
2899301390
14340075
13931352
60986387
4878677014
38491160
27163036
474477595
149222428
12915742
702587072498958336
703046502868889600
36418595
13348
16579893
13350
161461287
702573835774611456
2954130474
587887659
1465644078
549598255
3124204592
14480433
23533747
14423092
36967262
4890006582
701951077919252480
19633208
240120889
4912526395
701981806506041344
3764646973
1081775166
39515199
2868606016
89740353
35787842
3281826884
4906169413
18682950
2431185991
4910232648
4913402953
322253898
4905088078
386102352
18314321
19321938
4908078163
2736561678
2604695795
222950487
1048931
4909159513
332533263
38949981
4689376350
15160415
346996240
2986087524
282711143
2396286672
1454142570
2820858727
47371372
2798701
802787941
2732881008
228480118
242848889
74512550
124826748
45659261
2975197625
829543554
477310908
92264739
339357206
100873354
22515223
4908455052
335074445
1505973392
1904342161
2612106462
1319409859
1877562516
4913214613
555988118
1375944217
1137292440
24204443
4906685596
15176862
1693004959
702194619786797056
2155246754
74657307
2339181732
4907538806
702590527229677568
16290986
2947609771
3302732974
1206500893
847516848
4837282993
2834563955
3202166302
43200471
110786761
4874630329
238376122
4908168380
14636086
50083006
756724928
2185539104
508105923
700077252
234435781
4911641799
4258755785
4909405388
702238774416138241
283301071
1941091536
956110034
29938901
822792996
24826902
382339279
2423084252
35160954
2842768606
8434912
1477965025
2849584356
73200869
1467839719
1735467900
2887881963
607532268
4913444078
363283325
2926023922
35476723
265745653
1685042425
35618756
4914255101
2539320575
3855512832
275019009
4843148547
702585739050131456
4903555969
1482224904
2992479788
237589388
71940311
4702975244
42808589
1472492814
377776344
23262483
702520832887656448
3022012033
4659803417
22189338
22803740
163263773
701984362611343360
701970735439327232
65255643
702430839217496065
4909142918
3261625639
4285953320
23065897
2799392043
3939448108
703320821163433984
322893103
2444420636
4883190664
21536307
10007862
2466772280
702266103301586944
702513817461207040
2447930124
703028465079967744
4911789373
172751713
160455319
28054849
703026522106363904
3244531254
2442409286
19977100
2862462282
2495214925
2955547982
474314063
1265917496
13170002
701806998669684736
209999188
2995606869
433060068
4899386714
4912428379
2557424988
4910609757
30815582
403346784
2342196577
412087650
323333691
32823557
2328196453
3183269222
702533630954868737
15750504
3316149820
4912731499
4909626732
29381999
319276026
318289266
2349102451
209229174
980836176
701928365666635776
414922106
323890751
39449980
1357100413
4287911294
4882707840
25587729
702167535936876544
388618120
4870034824
19396844
637080971
174953869
4827714958
4909266319
14128528
2182624494
4909381010
599324052
4358346135
19930692
2598100639
703046836609613824
702251204236148736
5536
257775009
2958882210
295761316
3816150437
2320151893
702603413918384128
207188600
2425648554
394360235
572544430
1612019120
4903533822
23668979
702590878993424384
702244538727792641
2645980598
4891055543
1290532280
14775737
129832378
4913239483
702634175946317824
15308221
4906218942
14087618
4904998339
2657488476
117618117
14169542
395338657
702244749323927552
2251325004
4909413834
2698745291
2369279744
3314619854
15685072
46691793
17726074
183793110
14115895
703033703191023616
2840785828
2211714522
3321656796
3910538717
7845342
1022686117
4890121696
707501648
232248802
2412983780
117171260
1926985190
3762525673
506566122
52220839
702246404576509952
3193910767
2670065136
2925008371
259298804
2834552309
3195729398
615618039
1350645241
593786363
28030460
4908471210
388908133
702258940810113024
698631725912489984
328201530
3341907460
2327887446
703375087307767808
2987791276
3236025866
311105036
92329485
40252942
568570797
15357456
1526658577
2812147218
4440987155
216856084
2814968750
3670062615
535631384
364942873
221820444
2491627898
31406096
21632543
284562976
4855150113
35159566
27792931
702975127324114945
2849777926
247019047
702502775557476352
2401465897
2699261483
199767596
449517101
699094045071581184
30373423
47176016
4908750385
958551602
4539692595
17331764
702255170017689601
546461238
705595657
537787984
360183353
2533447226
701922881102426112
28628543
2531579456
44732000
702236892381757442
28105518
702262615473389568
55301701
81393223
605664183
179525196
2898591330
702572432201117696
23279185
702236690513932288
703284896052203520
68888846
343348823
4452914020
126103184
218609243
14299641
715355742
2911589983
2997630560
3015923299
135716454
1890842214
2708009916
156604010
3304650348
2297099886
566138480
497628786
89699955
2536021424
129062518
3178608247
25597560
1710896761
122492538
118191739
110435946
2369115774
703363646802374656
7542402
590460547
4543403653
703320667979173888
42833544
14175852
3330496138
21116556
2249242256
4401075857
4909119123
4904900245
20215446
3352000152
29071002
339951215
3003512476
14333550
20371102
703228853376823296
20820864
702159679749804033
961278918
2398336680
1551373993
4909405866
3440653995
2363864748
1665095341
46020273
292107955
19912372
17291550
4901459638
541718201
1601877690
703295572644491264
2661144252
923104957
4907882174
3699900021
4813911744
702600238742294530
35174084
339964966
25966281
4831557322
4914599627
14325452
1090819790
21059279
2177234640
1102298744
2802964771
18417158
3449984726
4909223545
2737714904
1067510052
4911716058
315134927
2166409221
4907947741
3081246431
454350560
2363111137
4831164130
3864516324
2440754918
4909749992
699390157716377601
125196011
4709021421
2963994350
415872751
275019803
3102013169
360281842
468678387
563031770
381283966
15062775
56956664
702639170552893440
14462852
29464316
4750078933
702299359145111552
4914265643
4914566915
697344861758840833
2535782149
700401507825541120
1323243271
212227848
210684204
14746948
4788336395
16332556
852993313
3116537614
57157933
4904720144
253662994
2536158995
4909659924
2360882965
4831926039
2174129948
13778872
2598369055
1583310096
701276665519845376
35591970
3301717795
702640552030953473
41897606
4149909287
500225832
381309916
322436699
2473180807
20518700
2461965536
2258450222
33789745
700798300967084032
4904736564
4904933173
614414137
698331806811189248
4898281276
87701311
49551168
2358908737
4907530050
2963691332
2815858501
1618188103
4912076617
24622922
185636683
2892887884
2986243917
702214599269969921
69654355
40892244
316790613
2191701846
30316375
131323736
20625242
4914345819
702154209978880000
394942778
3237205854
101365600
702240065406296064
9983842
3235272548
22665063
2553376051
4907144167
2459785070
2977707888
2558310257
2312927090
247131795
4912781172
81704823
379705209
1289738107
110811004
2506069885
448100223
701968619689750528
2365552513
486668163
623048580
3164428165
695701028424052736
4911798152
180819849
4754020236
4908513602
236967822
543733647
2564921232
5660312
25712530
2477753646
2290248960
4912912278
138459031
34535320
23918489
532780954
514013086
3005429663
17389472
22796193
702136421247619072
702169832041672705
2614654885
30562214
829667240
2836191145
8820652
6112242
82941870
214167197
4135983432
17412508
381892532
2910383774
3820378038
2321012664
4908611515
31322784
40761277
4827084735
112842688
2858358721
80018499
68475434
703315265665105920
2746390469
3243507361
4913051592
4909242313
1935349710
68523983
3128014800
3656816593
229619666
65206231
702273929935589376
402290649
3186890714
1153538011
703228452036546560
4722751453
4685314014
732819109
17315808
702508110427119616
309818363
64485349
523023311
4904221009
34133992
242776044
469621074
702223323174809601
112924655
2993737384
703063100438634496
703239473182724096
703347813606944768
2255026167
701964690239295488
1954134012
702145716161015812
404347221
2890094593
2991486979
72849412
4907325446
154015751
3411335176
2742949897
4909717514
2365006850
2380019726
4234210989
35633168
3183343633
19346435
3042416660
4530986670
56965924
4904450072
2497672196
3156301850
1014421531
117880860
17971229
42825759
703033061802291200
702613338572853248
2247481381
3164704579
1899968551
55603376
3065731116
3969482418
702219511848574976
333723695
32184368
16316467
314652724
4912544094
703252235271032832
4911790136
701985385073610753
4907554874
3055229279
701829294935269376
4722407485
27121726
3307097888
1091344448
3103619137
1690155074
2431162435
702212164656824320
250705989
3024238663
102758473
1269200970
4872255563
23115252
22411342
1952314381
1125890131
303437908
175100942
4177320023
271689686
2832021860
23083101
696804008690851841
15177826
29237038
3253098596
3342850150
2452874257
4371355753
865491050
1463130222
18946160
1750862184
2321463410
31660147
4910332022
185407523
701910493120720896
3059439739
2666002556
3153738740
33077544
108498637
15317123
3043588229
703440497352839168
247357121
1601902728
1705466220
24696970
4904810635
851114125
2374236307
156031342
1352841367
1616930598
266188954
2590242073
4910422175
981866658
4907579555
698870215413796865
100120742
14465192
4904859817
285415594
4905799367
852039852
1428633776
378781384
4882839731
1582371870
4912797878
2401761463
702244866953187329
703257723081613312
2827950269
2270775283
1641412800
215495712
39286978
3134093507
702269734046203904
820435141
3011607048
317084705
2832379659
3079919817
40958154
2987972811
4908202188
4835031245
290248911
4909185233
4594743506
254179539
4908613332
234559702
702285451911159808
702251792340357120
4903868634
3697637595
36190586
80698461
1117529125
8625872
561699043
595982564
434157797
261781734
19618475
2195200232
378632426
1764938791
15690978
19693266
26079585
1566147624
396441593
741013752
702201563331203072
2250955002
3325516027
424376572
304257277
3096590594
1555740836
1146175190
702251201765777408
15235335
910579976
340474121
178362634
390191371
19036428
1601755405
4908996878
2241485071
45938961
17291540
538361798
15113945
17455384
188070169
26843419
701858106439966721
46659869
4804278558
17594655
713603360
55145520
68259547
702248425027477505
25463174
151173415
703235219709513728
15169833
19077419
2530507052
100841774
2856573231
253376816
4772051249
33806642
4909209907
224344372
4907658974
76093751
2989110324
4908054842
700793699677003776
620863
700118704621821954
22305091
703259342116487168
367180101
117152071
2324666696
126509655
2832741431
419182924
3158579534
702499589123870722
699241261765521408
1231688760
52476242
181041492
378689877
2793380182
2742023225
99989849
698552875891429376
3313555806
4909472095
3225712992
26138978
2338576740
557767013
25164137
456874346
4716689772
20887954
4896266606
348838255
4889491824
620277480
2802424598
19270035
2657556895
4898150774
526454505
4904434040
561691001
2553133434
17807739
916461950
4908177792
306379138
555604357
701958563145515008
226040201
2915924363
173873548
2313984398
26122639
60570000
20027794
2478893894
414908142
2599319958
1800601
1649432984
333846937
2426157468
4908236342
103755504
15038882
85211555
601553317
2244531703
702275577051369472
614545833
1239603626
2668699062
81721772
2747537837
702589702205939712
40940905
2182610890
1559402929
2598500786
4904705779
4904917428
2318129590
703020024152260608
462584249
1461820730
2963519932
122690603
19986878
703397399146790912
38353350
4912044487
1191958986
40720843
1065875916
3140876706
701932860563808256
4910471632
70070008
2290375122
4913445331
16464340
28605286
23501270
2768320983
702620913112453120
3976083929
2858471316
4789328348
4823972319
3397261792
43570256
4912962019
113498596
25508325
698039924151324673
39616153
261306858
27376107
3229096428
2418113005
3589847534
437778928
43817460
702607772236574720
1129487335
2881789215
1947608148
3033815546
20953595
4886026748
1172806141
2335914494
444830805
702649362229243904
748255746
746453508
403503621
702515391029903360
361438695
362502664
633264649
2613565963
2436067861
26513154
4910406158
120093200
1593408019
2424388938
2462439854
2485090839
18993161
547205500
4834785818
19413532
131316257
1015487010
366320164
25467429
211311142
701957921677004800
133421610
810198127
702516333997522944
702586060212084736
2435693103
3262115592
133577139
2166954548
4561705525
1454783030
2596805036
57727544
3312384436
85144671
703043204644364288
387817226
208350914
972282432
3396057665
1158494786
37252875
57244230
223268896
2436545096
1586741004
20363850
17644108
77347405
242514510
701979292419256320
54114744
2476366418
182049363
3038494478
338493070
703338220411445248
42072664
2605619802
20315919
2890152540
3023050561
2424748639
91478624
3279109904
208378466
42871227
1559386724
703093463001137153
54938044
488526951
1635678828
2327566957
2693053038
2976438896
4849228403
3022740085
4909070966
2521897591
2355681912
703213045724516352
111098490
111901307
69421527
198923370
2166307454
4385421951
703288701535662080
31491058
293640834
841831531
618904196
702236831669092352
2840664711
4896160392
2320987244
4850449034
3927923339
4240824972
1959262861
911727248
846421784
12368532
262978199
3180575172
4874394267
702554236186308608
199570645
1938627236
4903664293
702181180515426304
703050837447168000
2959801002
3035879879
18012844
2792183415
702205232311246848
197081778
459776910
45856998
2756271902
19561144
635012212
37657274
3017538235
2179347594
4868012733
2826771134
19461351
4171641694
563215044
2389316726
3383827143
13097672
702645259419844608
464240418
701939462641577984
35945169
3166288595
412654030
2845679461
702528224773804032
2402328356
4907866842
2990398171
2205752029
10427102
135372581
2368281313
402234082
4922498854
702336448465272832
414636776
236541052
298768006
1338022638
13437
98425584
1161829105
1343019762
4356851
4696931060
4909652726
2564406007
19561208
703384521626914816
361454330
13826812
3238853373
702630991538487296
239696640
41114369
1599675139
4761590532
3923917573
703305053793222656
1703197447
498563848
4905073417
617523671
4854749966
4902378256
4875025169
2809281299
868637460
3036872494
702339054264659968
4913101591
2904800024
62143257
702549072742260737
4834442013
2222193439
2787310368
703355624340369408
15981347
702645519626076160
19915910
66370342
545378097
2727893800
3107937068
2818322226
32471854
3421428527
4910603056
63479603
16337374
2895125302
482343736
3073997628
702250142892695553
2916209294
82943797
23493441
2910255938
3182138970
198630213
704501957470228480
703326148181229568
520059723
1536760652
4911438669
801307470
2927281844
2707880419
216327310
2756746071
702575988975079424
3506461156
701947691329318912
334953308
18176862
3098901343
1911592080
238336867
435272548
3024717271
702172123339460609
4907593532
1558253029
15147574
158072520
20020078
180427631
4903967600
179567474
3034717043
4910889844
1206746942
4904655734
14818167
2869082297
286207807
133806972
702319420572446720
75229171
248880003
3034263569
1182088069
2804620166
108767824
4851366792
180804076
19452407
113998731
15711117
57047951
207371152
2515508114
2710761283
2798221806
19706001
247705412
505322398
236248901
581950368
108207009
4913093539
29031333
2213477286
39377834
23624619
3017407404
220459248
760535982
4229372848
146529202
4882234293
4907408310
22698935
4904377272
4730993593
61496250
49232827
2249885641
4912913342
1315118016
2153601985
4909448130
702943033927438336
4911823813
296106951
2408078280
1920625753
1911388663
527604685
31783886
2367380431
947059664
3146267601
607509458
278223827
19577812
96591694
3386645463
1425925842
4913290201
124681179
32545756
2230898958
26459102
378018783
2922953696
700863485610221568
2885458916
2923101157
701792695136575488
4911111143
2559667664
414523218
1079859709
1343536112
703022029314912257
1852865522
603831283
102849524
512457214
2178890743
2570992632
27081721
93527034
4830387195
370899965
208067582
1798806528
157596673
702856755626143744
548232195
1399921668
848878597
1017879558
1230994442
276626446
47783280
4908440594
2811657235
704166932
19485870
703044356328960001
274267556
4824063003
564255774
2906160159
702340731629776896
2990767138
520748891
39320612
3122814781
882367526
2804325415
2690898984
2519498588
702127608071217153
21051958
18766892
3668499501
702314088404164608
243022895
31390768
229383217
432585778
4679121972
21101621
203144246
15752247
314072122
2302543292
702713829793226752
2675235901
703401277162549249
304495679
2788070533
2983198560
247184450
543628355
702525543757905920
2259999817
185709751
412834892
284277837
121207886
704450983300984832
2931435205
22274025
2204342798
198278230
2635340887
702251376068300801
34069594
679003
1920939194
4878908511
115416161
14621112
703383545343926273
4751326309
20880486
703057476631957505
2784066664
44973162
3009556327
1683758191
2303614064
3434527859
17191815
534549694
618683510
81517687
4911731540
180001913
2853682298
1529455807
219053180
4780080253
3153271934
4904328319
4904295552
67001473
3020045443
381533316
2710366742
15342726
3099294855
4922793096
4894334090
2577180734
2291235980
25934990
1132928143
252869776
1434164370
29346292
2873162903
254279378
2910336196
4912921758
15751252
701834176345976832
3002383522
4082416803
2932645028
1474886821
4894186662
2535402012
142040234
702242132480765952
4909513903
448445617
42671283
233249972
374881461
2369797302
20741303
2165341368
78740665
30014651
23264444
3151953086
455122112
159079618
2638691557
703040548056072192
45194439
423591112
69147852
52075042
2261515471
2924141777
107674837
153149305
213425368
293673508
3186916572
1300664186
315202784
219847905
2302319845
702189545215791105
8412392
225623273
4854381802
1328176364
49758077
2986155248
1663147250
2968558835
4911504628
14867701
155639030
2365349112
702281053008859136
16653563
2831596809
283876605
829250814
20866261
703021888658747392
3592535297
1454677250
8625412
1426775024
2201951496
2380749356
111779083
45672770
351657229
19660047
2459753744
460569873
4860796179
498220308
4911897877
65617174
2670624024
4897307929
2876988698
242769179
27188508
215883038
1544011039
273603872
702271358521094144
2508774691
2456739108
263727478
4874452263
1944935720
43906268
14908714
21241131
18218285
702638225030979584
27026653
70203502
36499336
703039685266972672
2991700531
404315444
4194770229
520895798
2364800311
702454960596893696
19234106
702575151481643008
823775114
67607870
701777128799383552
2457443672
703329899503693825
181800523
702139808198492160
3526409541
4915076423
4904115528
69090634
2960085241
15867213
537349692
1325861432
15244628
932646798
32570710
21060951
143801688
2601254234
3376299919
251272540
2386160186
4908309854
702288594061295616
87047520
34491963
83852643
271367524
121941905
17374568
368122428
206765419
4903902572
2919873901
26533230
2194922864
38722930
2734438974
702628777080147968
2710125943
619224440
703326775946809344
1308491130
107519355
3928399228
3639442813
4903411070
702538327019237376
199753089
4903779716
1402428805
701948671064080384
113474113
305950660
1039375753
1620843914
203947405
336248210
2804399508
2381149897
4913085846
425425189
35650745
41196955
433402478
28933533
703682444126367744
3006758308
195959366
782908838
703769486432686080
703065543712989185
31915436
1161139442
55844765
2818842032
88350131
55590324
2361777589
2364480950
370761145
1634377146
49483679
4913077692
278429117
972234174
17194432
431087041
4924177858
702308288352747520
4588150213
702172721203908609
1641800215
25324108
746743
3138338253
388021710
4028090957
703615391923204096
4831649233
2790727122
3319537364
15736282
1898905051
447544796
3370884575
1222868449
2245418471
258252264
1278696937
65175022
15900143
3195215344
2490630056
35748435
29928781
703060809249783809
17063414
2302344696
702201234002841600
2176138746
40885755
1186430460
15121917
872242686
285113855
898735616
2433533184
920051202
392150531
1149885956
1403305478
23461383
2873884169
2505842186
702607174527135744
4907269646
160783887
1291927056
2353503762
4885298707
4222197269
946634941
355261976
705548148
4915535386
44220335
4644698714
3227368990
530786916
186596897
102317602
4896923172
55055622
3233218086
3060219825
703053715775705088
29294121
26320427
2436611628
478711730
4906851886
302128687
484245041
6938162
702318622925058048
417528272
3329752630
2433881353
311680568
2574745146
97951292
2850250301
3354369598
14655413
3041799755
1635458628
62217797
29392454
1267842631
20615524
4826750540
45873762
703302144590372864
699323932948590592
1185963601
16563794
1433820756
2201271893
193527382
527151033
940179032
3327385177
576480527
4904058463
3101892192
104636001
4728962658
43202859
4864794213
4775026278
308575848
2986131049
16711274
391183980
2670780013
4890459759
4903812720
701938216031531008
36699765
51292953
84295288
702312667336183808
16404415
1667971470
701937190251540480
198483585
16432771
3131727492
703056923227127808
101851073
31653513
1729961611
349249164
43327426
516669070
2228715151
234133984
1500227058
236871317
187938073
39190168
4697259972
1901616794
3124402669
4877229724
4911439517
103628446
4914601631
134700704
702324278838996992
4913200802
19054245
702139593940819968
15302311
4904394409
16471688
2973499051
475311497
802004653
703293888979607552
4908504349
4901723824
19644360
703055147027603456
256769715
262749876
373669559
2182618808
2360033474
757207890
2485698235
702255088518062080
4854996669
4904672958
2912950386
2163064513
2740932555
701985279440060416
255131333
702385068145287168
81182408
263929545
9633482
1141399243
189726412
2295650918
702236898018750464
4907957970
702519399438155776
65273558
109575895
702174770385723392
596522276
4745182938
4904402653
159579870
1912012512
3267440592
187790841
702531492275064833
52426023
14073810
703034054413660161
4852180264
570408690
529587955
2975767024
2303436678
304526633
286818040
168155775
283762171
115593220
4912029440
79357336
73162500
702594555539918849
701961326868889600
702578919015251968
3226566410
4910161675
4911824652
334192397
3022749454
702282217112768512
2377973520
2769346322
1326
1374805782
24698647
25321240
376282905
4874551066
15990555
28565276
4910284574
1961082655
25239330
334331683
2159951652
127355526
380739366
702506711702065152
53370844
2924019502
92803037
3309649712
15482673
2870009650
4315881267
3290324788
3492413237
18104118
2419401476
270704440
2279431994
702310288381468672
3195322173
701939506543357953
2972837173
45612864
33619777
1480695618
2243222155
198606661
3014131527
2806136648
1651498826
749873
3252715342
3261225613
3269263184
4736442194
4912496467
22945620
47464277
4799758166
273556793
551632728
3221888857
2893466255
4895440732
703023410964766721
1147232096
15753185
932298596
15548261
1882079078
378380139
4909219693
4908498798
109387632
4343250801
398286706
68763507
95584117
2737404481
777154537
24436600
2731089785
3677667196
3252920189
2854346622
703329508330319872
2149547905
766066562
14282731
309346180
4903853959
237920136
433151881
19266199
2947587982
702282858962923521
3239264145
3176988562
4906688403
2892265012
278876476
4914659225
55746458
3195611190
119455644
159997853
19840926
14671775
3138647108
701936998961950720
1068859298
2278812518
24190886
702505391406469120
405080059
703324515862913024
3001958319
126353328
18988977
216735667
4911128500
4872830901
4174225334
434397112
1395703796
4758273978
957748148
703294071448559616
3223199678
17424319
3046367169
2429648834
335790019
4898906052
3302875077
274137030
4908900295
15884232
9158602
99409867
4912144332
702198343464833024
699288982799020032
79699921
11255762
2598363092
2924535765
1649418198
3222142935
1197610632
261087193
2676237647
702127615746904064
978587642
28613285
26443744
4098236385
4888862691
702330684556255232
37751462
970839744
217849831
4909203433
516884573
17151314
251772910
344850415
12607472
4048368979
702197937137319937
41283582
2880176118
3420856311
1319272440
24327508
1426784250
4614721535
51044349
835837950
295548607
