717829892453195776
703338077494837248
705546694780436482
702175384159150083
3885531140
697889032676573184
708142785891729409
327327752
240689162
702354434232160258
50044942
17727505
2835685394
67133460
852066325
399867926
3031605271
3515490328
265187332
22635866
1444978718
31875104
2719597244
702276280486461441
2590285862
19562535
130932777
14221354
39878663
197081778
2896650286
493469748
59557214
15212598
283660297
627056699
4907089980
9983842
11673662
889593920
113467459
4738095798
1641635911
252243355
486301771
144883789
3068942294
37879887
1115283536
1601946979
65503316
3274530902
14123095
142082136
2349744218
2302468187
80683100
19833070
16441439
55771233
180076645
3034263569
32170064
111133238
3098290578
2974990447
2676237647
4908580981
317137014
32260215
3521052792
4912914553
2417762426
2668911295
319848572
103628446
49299584
3795902594
3257114755
711740214868185088
561528968
2442675564
1107378199
17547404
387375245
20914319
381730960
51650705
349633864
321675412
71450773
3139199126
2787877016
317065444
3192275102
1392541855
21045409
359170210
393010600
702323653556310017
219136165
553705638
2772631719
384647341
20701358
316899504
13097672
1313521843
1716609205
1570619574
2350489783
17825977
3407298746
74621115
139731132
1201056458
3259588800
1317249217
351150274
3042615493
31408326
459776910
702271358521094144
14729421
1115873486
2281078993
3229860050
58417364
2319706830
2554978518
15704282
381892532
993624284
528138461
499171550
1855139834
2525028578
2968600804
309919973
1412890854
3068762833
240091371
9698002
82157806
22887123
3161538804
12640502
50168056
2997630560
2226987258
1453211900
16326909
622231807
2531516672
25231617
1657967244
24822019
746938628
27721989
1686020359
38789384
1869795372
30460028
325828875
753484045
3180945678
380641551
2955313425
2562261266
1854480661
2464039190
2468167964
1957568797
3406594334
220889375
248426544
4842062114
2990398171
3021750564
3128042886
164708648
14393641
247415083
26976556
4892188973
15791661
110174512
36618545
40550707
729358646
563994935
712575581
11878452
135340346
3049464123
2749886044
12910912
981434689
22552578
637080971
2290827588
2468905285
1059365190
1289175368
2790024588
14194522
385682742
15049040
2670297427
4180509013
2657354012
41902423
237404504
18008804
291848543
4907762017
2858358721
29827427
17820390
574611814
34074684
11100522
133128555
1160954220
200016238
3027620274
510879933
33923443
2937594228
3327369589
53838199
46129529
215030107
270688635
3630121340
2993577289
2392990081
320545154
14726177
701922272303394816
19452407
385533471
230261129
2412953994
2840199564
888291726
342729103
2987680967
39764369
23822740
14270869
3313041814
20275607
2995028377
813679002
317532911
1332060572
2872386970
28410270
89735583
4903647984
478863778
2330837658
703357968863997953
2239926704
280584619
3295248813
316432814
3185746351
199451056
2870878641
3311616434
703207159765422080
2981945783
2960130488
161243578
15606203
3844489661
470335935
3238371776
179651009
2444919234
16060491
595624390
3306684874
2812563177
4594713036
3153166800
19561208
612975060
3612189141
4160217560
89453989
16013168
226402786
37028323
326694787
3160064485
17547750
1627521512
24707563
23624619
3163202030
408224240
18548136
2468176370
281682421
296026614
4903354873
2601329148
14218666
4310950402
1683759620
43598341
702254536526725120
279175689
42680842
24010839
16544277
31042885
42711303
259973649
381965742
72401430
14164503
282748949
2314043792
113127514
1267911
2790693637
2506342944
704476537848901632
3056648740
554711814
2315674152
1877951017
600228394
2436366891
1058808366
2216387119
24609329
15634003
152529637
2793546294
35693855
280715837
190267967
2955186975
1371431492
3025797701
4786102856
137257547
2233442892
20955727
702193574578778112
265606584
16548435
514622037
602538582
62364923
2856845059
2840050385
65932047
2733187680
1317381296
147998139
4912669285
2983527014
699279970745524224
21874108
278692458
569991788
288760429
57053288
747928339
2432234942
320021110
2869346935
1963418232
704424678345969664
66536060
80847031
724869758
704153043906867200
2427871873
169640578
25165931
2815664772
2802424598
698649610651193344
1434534536
332546697
4904608394
4272005773
14172814
16073359
3865797264
96107288
2646237842
612655763
2875679380
2340446318
31945037
27312791
3418972824
2244076185
53052058
25243
2734244510
2964914848
605821353
112879065
14328483
700557245122105345
3943203494
4807893672
18858666
40231596
4857643693
199320239
396370608
2976367281
24412850
224699061
141189815
398500537
3236553402
707279118224613376
251838581
2790466241
700885863081725954
315450051
4710531780
194887798
3287130823
823813580
4838343370
4875412172
3024454350
3062384077
22799056
1257783416
1912406790
22110931
1528275668
552469966
449192663
2538298148
2778694364
76145373
700462495534698498
2432834570
451855076
316783398
432636646
46691793
1217343612
62071530
4910310124
3096486638
801719023
2647466738
140534305
877077240
152101627
2915197692
705453942637928449
139734507
2874395435
223093508
701829294935269376
3056391
82084616
3107937068
2412102410
3024717271
39371533
3166028558
2843804431
17236753
223674499
32471854
3272303383
397402905
2227364634
2863268635
2932531996
3000075037
2895987486
4908450594
224052004
1483924261
39813928
614613801
20071211
87851820
2324169517
700586295597277184
2843441
1634198322
2542041907
4326490934
17974071
18809657
344998714
1430676283
47253052
887595840
700660046158389250
916095811
4443775813
231023430
19396844
3720119114
772072267
4250452812
253092687
2841699155
207323988
3229205334
3686064983
34612056
974510119
705595657
3372180317
331326303
473145488
3194798946
2820858727
3704382312
17974123
3732874092
331383661
266804029
188197053
3023233907
709788535
3339035512
834531476
18301818
17163132
114148221
369656702
2930205571
17928388
704812883524218880
16991111
3073532810
2964538251
21840781
2358526862
1276756879
2590634136
3033203604
2530501525
1559937942
103064473
807412638
4921992097
10412962
3459376035
703401277162549249
1561343334
224773030
2859330375
3018277804
4858397613
704157683448881152
3094684594
2577146805
259298804
351531167
192381884
1286747904
2244531703
155337678
224912335
2923054032
22938580
2851161046
3180991993
3178320036
859833306
3131679707
2814845917
104383455
1682375648
2523833313
3165504482
140051428
90801126
2202018794
4448863213
2474812925
1705468914
123620979
255706100
2823218686
46932983
706947343371767808
210871290
464240418
2365006850
39805956
1656466262
2616241345
1650989911
168207372
171648014
573334543
2452874257
959579154
436137900
4698932246
2188444698
175506460
37733406
34030623
3130401
68526277
106313222
2330869130
1195677715
3171599400
22307881
80413738
109159943
45458477
18943963
2290279472
285131825
492671155
2955374666
702223857042612224
913589304
1081
43172922
200223583
3268125756
304552443
1927595072
4868187203
133571652
408257606
3193111623
372819016
2430010441
3399844938
15069367
564599650
3428377678
348865617
206939218
208659539
1947608148
14115925
495141975
2758681690
3118851163
2885927098
2485698235
186541584
13886562
319246523
2739553380
2278812518
121578598
217191582
24503407
423750504
4926145650
700110355
635012212
551896181
51659894
2920178808
3038749817
3264480378
72590460
137397373
3227264126
23233663
255280257
20612226
2264548483
1136133253
703173437796159488
61243585
2491802760
6268042
3035382923
2360033474
2446713998
231900304
1021535377
2813461651
221455508
113269614
3150709910
2374616215
3445212312
20099268
4847961244
2675016404
40915141
3145786530
698609692092698625
2800649384
2337801385
32173951
37323949
106980527
3246146736
2263573681
3167823026
233438067
4750451893
987096246
3316335803
702626052409942016
1149568189
279340223
3094619329
698888733228044290
1960789190
263521479
167760471
1653116112
885000367
349979855
805989240
2602026194
159671509
2996716758
3266438359
23539263
1472865498
3146179804
27026653
58328287
94225632
523887841
3282191586
2327389411
2584790245
3005662441
3040576748
2787292712
268043508
385631478
60957943
204956920
271024341
35726595
72090884
33335213
18906599
26513154
219489546
2532730124
1425810702
576480527
1583310096
886108376
1230994442
283370771
2371790100
242124055
1506305304
2370668606
34202908
701937666279866368
852993313
47211811
3105433974
2902189351
703392339377541120
30443664
2249811506
1326
186508591
241190193
16196915
2411393246
3105711415
273556793
116158687
1838622014
1328250686
14746948
14136886
17876294
55590324
2757305676
164730609
363128142
151364943
2883199149
20735314
153568595
361997653
2938955095
16033112
2454651108
2308785498
3505743196
237938013
140272990
36210016
207371152
2434655587
1428358500
173589861
4832208230
3298977127
4616144232
4750574953
1004799338
325731691
15017324
22439136
698931015167782913
1153051416
18031986
18732606
26117495
851379576
20718969
262193693
537349692
36460096
348046722
628015339
27354501
708662278338424832
35120520
41158026
18007436
2960803215
67388819
567862676
886882542
4060915094
1947542936
18056602
258123164
2970270618
703331548603482112
3109348768
2282816929
2920859042
707663048027189249
24618408
22515223
3314034093
2573075886
1514612144
46654898
2604695795
3081725365
18171319
118114879
3311377311
1363264956
15009215
494765504
2511848898
603030979
88704452
482605939
22046152
17063414
16565708
22152653
11085262
235214413
301819344
2196424147
31057364
178570830
1920625753
296060375
4909000152
3223725529
199374415
614687358
3279113125
619485298
2482284140
2338948579
2863270822
2210843096
175779741
2611340780
1164781
4702127602
37971443
2929321461
42411510
24782888
8225262
16229883
169534973
2464966142
240354901
211043843
18417158
3100108295
38274568
54978059
745367053
2710996495
853730832
4912088595
2353514004
169126830
3287819798
702192590070788096
35046937
2977392155
500377116
4909327901
609444021
1205791
736265760
23636912
1684350500
121234981
2220967465
17958442
448258311
900613676
2882340397
15746606
118785583
2274960944
4343285297
2230898958
571206373
7636532
796173918
3122562614
1473054265
19883615
463046204
553920061
3305399870
49620543
2528822880
1523492419
89656246
2996078151
267929225
3075499598
10230712
2831615570
702283392335925248
2253375060
4326539534
26183254
47667310
264470616
2755291435
2440799834
37873246
2779407967
38020704
4892722788
2770896485
111617640
52553323
3565962860
2798691950
241814461
2952414833
1932256885
329981321
112526968
437193663
2370938492
2352465534
1115285119
629360257
49325698
512403075
2834824517
1548485514
3304650348
1406142090
2948376210
327124627
14886548
2297099886
842622614
227526295
1640810138
2977228447
3751773856
61720228
2223777445
3868931
21058867
32966315
105686701
17909423
31311537
4779108020
162555573
310331063
50194104
19461351
703049489544671232
2236943306
188950206
2390484672
231917250
2937693891
425551557
294717126
41199303
2187601609
3929745099
30639820
607446734
732819109
1425925842
565692115
3072263892
3010651861
17934039
3138105636
218539738
2855036635
2914109148
3238045405
1595442914
2357413603
2788119179
2996913893
1692567270
16189160
16393963
218287058
33933038
40608796
28739312
1566340542
14142419
4910171892
115984118
2362689271
250373881
2902337278
3129698047
19064576
3815356032
1400760066
3024373507
1057639382
3187222279
3011913480
2490237224
2485667594
3318524887
3307284236
3221160237
2753743832
2412889874
152332051
87105232
4656588567
1634141977
262473498
3076998942
541124383
334849824
703300932327485440
29198115
298768006
77039398
4907319601
4203235114
35161900
1945724718
282190023
1197610632
19294002
30893875
2588297012
2853726005
164386441
70870840
379463482
427943741
1446201150
54650687
2936457025
128099159
702998666710089728
181684037
43919174
2385058285
3581970255
703263642385412097
18204500
169518934
17423332
3035006812
22849374
575457119
151971680
103614306
24053603
2367776612
510060389
2890868583
278876476
3231864326
1672267628
2374502256
2765015050
410126196
51063
287270776
78730900
40994684
26823587
212747787
856819585
701171586
296380291
20215446
2303436678
25159559
2153686920
2684495753
1954228106
4803176331
2187339660
22685582
115689360
3160065937
1055351107
2291976085
889542984
3264735129
40372122
29493147
1928841116
49383325
705750361
58124191
3272263584
3406063521
701614168227450880
2422739270
93554600
1963812781
436127663
1104339272
2828822452
22648478
2359611721
102849524
3003402170
494839739
3083931978
148416446
4735592383
2191440980
20343798
1092249542
19909371
117082057
124856266
2371262114
34867150
109950516
702580358038974464
263497681
19581214
898066387
1611671508
1945085910
27028473
282716123
3697256412
4678469599
61222557
211398992
220735459
4073269221
184895462
16910315
4864993264
2891081713
1949763854
2270775283
1579493364
79066793
193030139
3071666173
11208702
2902974805
102882177
2724477952
3440653995
2166409221
699005601423097856
1931372551
239446024
2877134508
3087255562
618451287
2458231830
23726093
22050477
4271876112
2452906027
2340834307
1378232341
416051545
108166248
996100122
603489967
54921246
148981791
2937718819
703093463001137153
3221424165
1554098214
620287665
367372328
17025065
18428438
342173739
893667372
2852911
4907206705
98936882
44189747
49662006
702553069007933441
10298
100065631
4889782332
488933437
21407806
2446738050
127592513
588752962
22538308
2402643752
116033608
2616445002
1138931383
1403833292
41625681
1048931
2820130902
55371863
27486297
2563270747
3066996828
3368110173
822708320
24528993
19810402
3305162427
56811878
244213862
301107303
39192680
1603856490
204785772
15738990
3344197744
2824915063
2273667192
1166810132
54954106
295548607
21866620
179562621
2960107646
2411907091
2918901440
19630210
41662692
1589192838
38676615
2481211309
2249517194
287095831
501039637
1909575902
4540561
4827596946
79128724
66150766
2566318231
583960730
52998511
2975625805
2931435205
3103639712
1319192738
2779809956
1177659558
18131112
2835581097
11856042
16017580
3971180717
270919854
2418051247
2593343664
14973840
1513859251
8612022
3393079479
10424
702325506092437505
3192948925
276850879
2980088000
159721665
3008776387
2701986751
335358150
180840650
56238455
2535450828
552426530
1589274830
31336655
28346576
259990457
33999058
788613331
2587715798
1566147624
377776344
12806362
21059279
340474121
2893564126
1629546721
3260572027
62556388
882367526
16058600
629426409
78907626
207816940
180840685
4631029998
3112126703
3213224176
499837169
2951194866
23668979
65950160
2451423614
946514166
35203319
2667284730
191375613
1961289985
1415842050
2339678467
3166071044
703157074356674560
34760968
3416844553
2891221259
22735116
195152141
310380814
2764766253
62556432
121866513
414050580
14870806
2927286019
4388284698
1612019120
4925245725
476358942
96856351
1539459360
702549072742260737
357024134
1202587944
2337351979
210684204
57157933
305391918
6064432
1864730929
613116213
1630693687
58534201
1651005151
46300001
157174080
44378433
45672770
94832963
272755013
1645709640
3237538122
9636172
3229976910
2837195088
3073403220
20922766
3234343256
2184328932
1175951
378653020
55789918
86366873
3078072672
2851080545
512457214
78014820
391815569
161048936
297585003
102238572
2915318845
932604272
30508350
3368192374
2207885690
267929979
107519355
2347707458
4719741313
2869176708
62906774
25463174
215804297
15043650
2471274896
45189522
1355630995
36497812
2581070233
1315228056
19573864
14649754
415872751
1172646301
2471872927
2657488476
3237824932
2459785070
1513201
37251496
2248282524
1410853291
2710743470
30648752
1188209316
2975197625
3401705915
699992230329606144
1905519037
2823404986
125544899
433482181
3009097321
1482672584
35662283
2806172108
75229171
3970230734
253234220
135490001
756178
114517301
2548255188
939629646
14174678
617523671
41044440
272746970
16337374
29260880
98019811
175155684
764750310
1931979240
44280297
2281490922
321014251
2358381036
2432138322
2714855918
500337135
4585851376
142903796
6604542
244296184
702148088178184192
2591623674
184952301
2808703486
2779195903
702184992110030848
76204545
192227842
2228392363
2779071089
2987752534
31783886
108767824
14462852
425189805
48744976
29264402
76125955
2680385966
4899973654
16161881
2956724760
19494660
3060083226
63769115
2535402012
504711711
11059632
14225040
754477604
2922953696
1970024881
91146793
182372103
2869160492
2892714418
3222645294
80698461
3005188657
3393227314
1855406515
3019975222
42912312
451603001
558230074
576375356
2308680253
2394884671
144067680
425290307
3059018310
242559559
19417672
28436236
353307210
25324108
4028090957
4434070094
1593936810
1134725712
451783249
2787904084
1121577559
3176909400
15223385
2941200666
283331164
126169530
49466469
1154452064
798853729
2454751844
2598946442
3255241321
2831084141
151896509
833989232
809503345
3222378259
26288413
174623350
756344
1626122004
2209262202
159203775
30042749
4108675710
246844031
2781473408
27307529
703092341775597568
2230511371
278342281
115944074
344984203
2584777154
2893466255
2752645777
2930216046
268835718
2424670872
4780059289
1683758191
1537542812
3488795294
2687593122
4826122916
1457506981
37751462
16280234
346032353
3112154564
43166381
15411886
2757467731
254068510
1939073719
17009336
3311577786
2586249920
268892731
2671043683
3168897966
199028486
554748618
4904078028
190928674
2975443662
14863059
37432020
189500117
56847062
251977215
868390692
180611802
4732209888
2354246096
110634408
2992966372
2898659110
26307302
2941665745
17591016
2616070369
13421292
282340079
2471242482
760522664
12970902
478907130
2312948863
24554236
47549181
2330624130
3965897472
774056707
2376624900
15010565
2289961735
18525573
3018721068
26422027
2856758028
7376002
14584591
800795408
3295300369
1934846738
1173080852
1035889429
25782049
113349687
3242478362
1342524187
2740833052
3179678494
703404932041322496
335891235
2735098660
52562725
33789745
703417325668552704
3099294855
94834847
2837174066
2170481456
1238064264
431983412
50228025
25899487
3010587453
27634494
362933056
22969958
54340418
2478893894
28987873
3818146633
319398146
22301837
398658384
3359296338
149359443
21261140
3033353045
3252742998
2263608151
4489251672
2828438302
1615170396
2925933029
858581856
174903883
20812312
244788071
92138344
1287141049
3107695466
2658569068
1949428591
1628162928
14764915
4610173812
167840629
29846391
4597107576
3044863124
15726399
2517986172
56314749
80710532
703313063911424000
2424310663
2259348361
1553247115
28546882
2846256018
3676523412
3158018965
3826944918
1884015511
159566744
4893297563
188894109
30272418
169364387
487148452
52954950
904090399
388942760
30534570
59173803
3038096302
93883023
1024936880
3176991666
207677414
829721526
4073176932
2811497402
898102716
4831710140
11197
24357823
142519232
162147266
702196884706725888
183430084
527813576
52734922
27308535
16067532
141061069
212380624
3257699282
390155427
3485846486
4191988695
713435383753609216
18107355
2927913948
1257630685
2147544030
1952302117
88828903
2513341416
2720001002
2881498094
1884400627
117820404
2889034741
48753654
1151282168
3892128761
1411337210
3012824060
37756074
19205119
707488670341672960
104713218
808053931
1299049476
1258286252
24226827
293768205
590580751
581255731
1048964118
949128217
1555950618
450247855
20625242
3031731230
116804639
703324239814766592
2411564066
2590542883
239512612
31517733
1198599206
285121713
619435868
791595331
16411692
17058864
380095667
3089845300
1633560414
2590952503
71150648
16886842
702647953182187520
15535168
2447173472
2603953218
2806090819
251907141
14169953
3010243656
626191436
1029549133
218770511
2182753362
2181311574
220363961
317540196
2964212830
3248142181
613882689
2709916772
216919141
275696742
239250536
2961263804
603856584
1315236974
621318757
2539908208
362163313
2945444978
624225397
994356342
68119671
2832501881
1561840764
4215262334
609414271
34402892
324578434
1351298180
1676071446
2714603347
2430979207
111627400
4571524234
1641800215
361491597
1281739920
292217834
396242066
2697432211
2149305492
3074062190
312274070
235777175
19380079
59337887
19380487
2977707888
49507491
3650096292
2289077414
2798972071
3670477994
707026215748513792
14470316
2999135405
30485679
2375683248
320236721
3484851
1054076084
2310220788
13880512
206761153
1401130178
14299641
3978674721
3061779656
69147852
81704823
107458963
2456784079
584731856
4184952017
338103506
27280933
1478790356
2321439950
702600716188127232
23563481
838094042
484994268
4775005406
125160671
63818960
2324704482
2926431463
325045480
113413353
2940783852
46476526
19930692
2808155378
2161186988
38526989
3380423926
113724664
2414709972
92384506
465990186
580390200
3863776512
538857425
22481482
1130884358
361498497
2904107722
1691744130
73986605
122690603
15771749
4727942419
234133984
13334812
3436211481
239099990
4877233437
2984144160
1074482466
2747895075
49483679
3022687525
1308798246
4887227687
18755274
3061664988
26397994
50162989
3404500271
388618120
2202357042
2553376051
2776296758
848234377
3047313090
36881943
28200252
2474591864
698423449136410625
14775737
3376516420
2914118981
26602822
2922069217
1300720968
62975305
115752840
2957798731
15690978
2387390191
705158028476051456
4613156179
422152078
234597718
3119263063
1183886682
2321968477
1101712734
702336448465272832
14445920
2649296226
148195217
17059176
2349890791
2342645100
72652690
161353070
2491912765
312102256
3067006322
259427702
33787255
264931501
2671520467
24440187
3226758524
192257528
24038787
289615237
44150150
846671240
15363308
3245469066
59433152
162214466
2604068238
3540585871
17332120
2881916308
1730120942
2374872470
2720501143
568708507
1016065436
26250653
3010489758
702169028781977600
247184450
351612325
261426598
347524519
702544170246754304
2987354678
2225573294
2548420016
387439216
104537331
131665332
214207926
15838648
2746297786
702215452806635520
32452030
2837245375
399691201
3023113666
497570379
2182589894
4836779937
1075360332
57142731
15207884
305761742
4913335759
702291082915115008
416639666
18066898
16353187
2501750228
1011355094
240058554
701645200326660096
31313369
389426650
2974835279
53739638
17534430
551431647
108727776
4877405667
44215780
1558253029
28650983
14249449
447213035
2401530450
3427814894
2398957039
964210160
116905896
4543057394
2926128627
17575412
2941783541
1601687030
14446071
2400300536
35811924
1418994320
22228476
2472504829
313372676
2517569024
3975228672
93908483
186482705
2480693846
19082758
2441612808
2891126700
45575690
30143063
18361868
4690937773
32984593
245313042
2252869141
2956566528
408038660
3268447770
74657307
1117154846
2185539104
62647841
3135327779
32468230
16313895
703381333867778048
2745994793
104636001
2466975277
21217145
526511666
25165065
338611768
700776582277939200
3160092218
34491963
3316149820
4385214013
323890751
2925022784
2366541379
1392889412
15273542
1151872585
11570762
3041799755
314297932
3229749858
17329743
25439825
51949138
3021745747
25554516
18776123
712902776
133115482
3312717404
3987680861
37760606
487731813
2707880419
1070812770
2337587814
40152681
15502954
2804174444
17116782
4183895667
163163764
2743023550
3283562102
2444420636
702561093441302528
112842688
3228552835
1959620228
41897606
18165383
2930467436
745384356
2382696079
3526446736
1584151832
20254354
2233233043
42970772
3096899222
2750766361
581529241
2413563547
3218837148
214167197
35647134
1416965791
2902981368
20033185
1435922083
91803300
161746597
237121191
84393244
188952234
1864003243
4906684078
3114290863
16002738
19861171
48418334
59821751
321670842
2881789215
702223520374218752
104337086
4909256383
176664256
266809025
3436777154
59352146
3060586155
701985385073610753
3423521
320966346
2993410679
108498637
703325022748700672
2401999411
1713631908
1176347185
3250802390
2546331351
3065360090
68259547
3276254940
14610141
93015913
274132301
2814033041
4907781865
116854506
1732325100
1571635837
103755504
297168625
2547533779
64115326
422038825
70070008
292384505
2444381947
2354302716
14908714
221867776
58535681
29470466
2363248387
456726486
166865286
4895076104
2834563955
37252875
241987341
2986749711
39669521
2926023922
48746260
17395477
26423063
19606831
29962012
130926190
418352928
2489126689
518811426
2947216640
51292953
3827109672
2880180011
581291314
16210847
4906848047
335074445
545378097
2818322226
1286475571
140513078
2645847865
136349663
10661692
520843069
3608792894
16579893
457051969
3164704579
247705412
5536
2855035530
259649352
106164041
48795466
2707574605
2263272865
2988838738
3188109139
2946666325
319287127
2811749007
15447545
1918988126
118796129
7147362
1098755941
2160095078
29298535
259526504
471273321
40546155
413249389
15919992
183869639
705548148
3150589813
23279185
2306847380
1300664186
17003157
258191232
2986733441
2351001475
3499134852
3382644613
304566150
262376769
4698066824
128025605
60773015
521736076
932646798
169160591
121941905
277024658
4790120340
369154030
3677491100
3004698525
608292766
3526409541
19156896
320038896
4582167195
16330660
338849701
14296665
243492849
419704747
22548396
72407026
333146968
138640712
2810113970
18884595
239865780
3289460661
4925116343
543392428
527151033
477310908
1071632317
4448923583
2749878208
335900610
911821656
305950660
486293894
700022816
1607512009
2740932555
371847118
22984244
2352181201
83472339
2569711573
24825815
5812312
585822169
99733467
92803037
4912156638
483389407
29634529
405080059
556049295
17389472
406491111
392302568
777154537
385798122
3030994923
3317346284
1381453807
10781352
107630578
503713779
479186932
1462472695
701481878939799552
2782384004
30787583
2468225706
633343998
4614721535
717463915865608192
703397270419410945
701983725634990082
703354539315957763
700511070331383812
702189284036489221
702251204236148736
27097089
3150868489
312283150
29036559
65466385
973921290
2802722819
254677014
2192879641
1242181658
2841686044
532891425
746743
840355874
14577699
534889830
301707302
2352386737
19664938
4441444396
149491758
385125725
68587568
1129056264
3145723957
1225642038
111489354
2834526269
702299359145111552
3310243905
3307130947
2885620460
2347454534
18141255
2649624648
3235247996
2474299466
21287607
3005157452
3254366285
520926087
19910740
3357980686
458969174
485453911
512208984
3182112858
149164125
43216993
932417634
698678316912545792
1655418980
3070103653
22884456
21426281
2438156394
112832624
69421527
258874296
3005173879
2669549588
2945241210
47222907
2698817660
304526633
279171199
728936576
2963140738
359690371
1130049668
153497736
253398380
250843274
176033931
3144962188
1875914893
2925605007
20517008
3465105553
194228371
3026759828
485986453
852111510
134574396
17387672
1110577860
1452021786
342864030
3796107973
14073810
2194922864
22073937
701923335765102593
863670438
14605681
1403154601
3267457194
3240480939
264319149
388346030
55603376
1902744264
3061797043
24776884
2243472685
3240988854
4909232311
30150841
18313402
40929311
22826311
43700419
4744196292
2207468918
41170977
251220168
979407049
2604069066
702527466603065344
702171442348097537
3283948237
51076472
56717522
43487443
1151200200
30249176
6670372
292196570
463081691
3613970654
3105411295
4070207712
17010913
1835331811
88289752
815911142
1338792949
2895990140
253628650
3239071979
68079855
220459248
212840689
2142451
2873168116
3021757822
21342249
2960085241
46476830
34296059
1654468861
2832191743
3009564929
1549570700
17592581
2352288007
137826568
353964297
4304974092
35729677
164163854
143552788
2803863830
25661441
2989265179
60436765
2280386847
193016096
48420912
55046435
702677086096465921
14175622
1008203515
758056
24170793
2518252248
4628256818
3321991470
154612445
22475056
4901400881
56849118
3271340342
3186924937
156766521
40813279
562123082
2705042826
2815734078
2830448693
525005120
1058861377
27824450
3288145291
3195611190
2361741638
35246407
62460232
62386505
3165925706
2358595915
117879116
609825101
22982991
460255568
21374840
114781219
20738387
2885661014
35051577
3162925176
634657328
109318493
262033758
2420461920
708763195628892161
3090239843
20615524
2801865062
2740400490
1584124268
2345021
483496307
2577180734
3373257078
2804399508
40359999
3295900028
323850986
353866111
627749248
1670459778
113422725
83769409
1679910829
52031882
4628607372
25121167
30011793
162910611
1624265108
75719406
1137422743
1372898641
133888068
251941276
70111645
438807510
2810270113
3063336347
154104230
808825585
2652008873
54063530
3024238663
1620767150
2912817584
3138635848
3885158834
707979136107565056
3081310644
22163896
3225342393
2889208250
80018499
1361965501
3017991463
199954882
2251362757
774599
1941737928
1893986761
3538907598
21844432
3107959249
2280021733
2259153368
3006758308
2172932570
78303711
24719841
1648620002
126735099
88912523
420483557
26104299
2855809517
149795310
3031658991
21204392
2462798322
1093406323
2788864502
4910092791
1061679608
3214946809
2993705466
4927091195
2414490108
80400896
18993161
72569346
2732364291
163328517
3600945672
2668859916
605532685
252342799
338768400
4567609873
3035394578
4908757525
14946838
34730520
2419401476
2916954650
3240776221
17183262
14390021
48001568
702335038298304512
3221803555
715972266518003713
2657649414
25039400
1612735759
635384362
1525084717
516884573
2905330224
25178673
2578977330
2215070546
13925812
703305490445393920
19157565
2991772430
3000111683
3123147332
27508150
230134342
19544161
265761733
40981260
16003658
826192459
252383820
3443028557
4819587665
139129426
413495891
799316
3075502862
2899513943
972282432
15397465
100676186
4779954780
1634377146
283762171
3248943714
4211290725
19305062
703073778897592320
21409212
15113945
786045031
59683436
3066049133
433402478
1604866674
182014579
12916
3059271211
207188600
53841860
2375479933
17642110
72168063
22093632
378917506
59830916
551391877
468939398
21413040
105386636
25144770
3311981198
462118840
212259476
167639150
934681
2580157082
1259139739
145294106
15662533
31322784
287904420
21099175
702209205789282304
154411119
3593917101
712454833
88716672
2859435814
3318928052
170152631
17814200
244175545
2607150720
78688955
2475794208
80319171
704869245188833280
1669511286
4468306632
41611977
2796835531
694619728875278336
37293906
3838912632
28636869
2798955982
3299259094
952111831
704799946457747456
2813317849
16611252
22196956
29233885
3302609630
2699383519
2802782945
394744548
155439845
36229863
4890030825
2732561130
2796475175
55603948
336212717
42783470
93972605
30774000
3685983016
317253694
19518203
2255581954
703386584851226624
612643589
28901534
195359091
61248021
22931586
219353870
633090831
22688529
2961847058
460675203
380740398
581284630
71332635
2326052306
2783023902
227070751
347165472
20869751
2523239202
822792996
1027707686
3486503719
2893009704
301131059
3051320106
4894077745
121279282
15102774
4029199159
3152827192
26882873
309815434
2397664062
454398783
8680922
56808257
14119746
223335239
239514443
323514340
891925326
277803855
2681983824
29651794
234861395
73769657
4904096599
703041748046450688
2724281828
70259546
77067099
4171641694
2578873694
131899463
1260729188
3074339688
2245418471
1345827692
2324525934
3388511087
2960802077
31331190
1410503544
4879143803
17699711
20820864
23237505
2746945003
2991700531
2222830469
4909142918
31273793
31404936
1621054345
188191626
29021067
237589388
226718605
2827301774
2482885519
3599020945
18460178
1658270612
19755925
3008811926
328201530
46805913
3190231962
2985694108
2163766175
2251477920
287519651
2840785828
829838246
52220839
19270035
81523626
2977199022
4335416241
698688729100263424
2453659123
2402636724
380586142
64172982
1959252919
136744436
20162719
2708009916
1978925898
52097984
29070155
2174582262
703320667979173888
2843458133
715514225347706880
703391626459115520
50028024
244233171
1722905556
34573817
317378810
14324559
2806543324
3279328225
41128931
1657784486
805385190
14144487
726748668
288322539
757207890
2458293230
15774229
6140912
22189929
16320748
58643446
49632247
702309841293840384
309818363
259929085
1395569665
2163572563
2950353923
28267524
2330764118
702603413918384128
3112186887
4157125641
1648968535
3181089805
1287353358
1157384365
13931352
2384139282
2158171155
24826902
2794259289
2394977304
3128341531
409072668
23153991
163058719
701943872021114880
36418595
13415462
161461287
2954130474
408622261
27109554
549598255
3124204592
14480433
2831897650
182876339
14423092
36967262
14636086
702286736164937728
111779083
2742023225
118352757
3103742851
1081775166
39515199
2868606016
282316299
3281826884
2615744694
18682950
2431185991
2387956808
431117390
20567119
81892432
2985109189
444830805
1342723158
2869082297
4452914020
2493060186
2814514267
38949981
403027038
15160415
2582836320
2585834593
2986087524
488526951
3234116712
86283370
3291001963
2320987244
4859548781
280434877
2732881008
2474267762
2389316726
2987308151
544715897
2597169343
252398438
13437
2867598463
3060315264
54406648
3131348103
522011500
2179347594
2940988951
588559501
2915210383
1904342161
3250074770
2893935764
16798574
16713202
741545113
1056960026
15176862
1693004959
217546123
182926194
240407501
2947609771
3302732974
2911598792
318047091
2872718517
23458998
110786761
113065503
2369279744
287740199
137548993
1473131714
1665725635
2910336196
234435781
2380100809
2432433698
283301071
2817979256
2467766509
199570645
276537134
718043
169686236
35160954
2842768606
2992526559
1517471952
548688763
17013078
351188199
1735467900
2429293802
2182624494
27186415
1209980144
2148617768
1161139442
62625011
35618756
156767485
2539320575
1140536576
1042689805
2984072453
704594468889075712
2359792904
3052377353
82375948
16404415
1472492814
3411481872
4532638993
23262483
54867223
456168729
2919743023
313058764
4908504349
701984362611343360
1908872480
213701921
65255643
3261625639
4285953320
23065897
2850542471
6938162
3193599280
21536307
1705466220
3316525278
72701241
2435599616
21780703
3091010877
172751713
2986399041
3049043267
2442409286
424310087
3240457544
2862462282
2821059915
1979675983
1265917496
4508923218
15750483
2995606869
14415191
433060068
941471066
4912428379
2557424988
2574745146
702250142892695553
2342196577
2535438678
3787765092
222852454
332076391
15750504
2874406249
4912731499
1295349102
29381999
127268210
244782452
401610102
1538045305
414922106
2165538367
2938844540
241722047
344208766
16291199
2559667664
836865600
55760259
25587729
319273161
2688931206
4870034824
236054764
702705625990467584
879424908
4910855565
1113486734
16427245
2353954098
532518292
2858849685
2735360983
250135449
1681485380
117273307
2351854490
21829022
206303966
257775009
20354468
3816150437
3612013993
349418922
702590878993424384
7296432
268113331
2349575018
1845167006
2645980598
19402313
1290532280
2799392043
129832378
268776892
2649126332
1084216765
4906218942
2415023552
181800523
3103643076
1691965686
1942102945
302771660
2882762186
1213625803
1120379810
1094292942
15685072
39778552
463205843
741799381
311693609
14115895
2211714522
334484955
3321656796
3910538717
17094111
14874875
2412983780
114546891
1926985190
3762525673
523177554
2670065136
25392040
2925008371
23115252
40245502
738956790
615618039
1350645241
1074894330
593786363
2157438764
1265538560
4261172739
2327887446
702625142699114496
624396644
9175882
311105036
40252942
2984574552
15029779
2814968750
25703958
364942873
944018970
27432476
32823557
2976524193
480794146
27792931
702510872502124545
268449318
2975217191
701112525782274048
2401465897
2902701610
2699261483
199767596
449517101
30373423
1589007920
910579976
2541360691
2892265012
546461238
3189418249
332533263
176518068
204641089
28628543
2531579456
44732000
28105518
12194742
81393223
4731303497
3307370060
2898591330
106951123
2510632527
230971695
227503416
703284896052203520
1601755405
68888846
343348823
3080205913
3182138970
218609243
261060190
2911589983
3239138912
326096484
135716454
702340731629776896
2230186940
390903402
4136081004
4269971054
17191815
566138480
497628786
89699955
2792183415
25597560
1729366292
122492538
14934893
3332363901
702513817461207040
959632320
7542402
2853906107
702146976486445056
2374470265
4903335560
14175852
21116556
172103313
1069692564
2150141550
3304388246
2662490688
1689433754
3003512476
14333550
2791667358
113750981
991999650
702583252272467969
2398336680
1551373993
2822608555
775852
19431026
24253520
123369137
19713521
2926229173
368080567
2805962425
1601877690
704719797875929088
923104957
36699765
4813911744
2649134785
231964900
2793380182
3022649033
2911246026
394008271
2341420664
2586416850
92264739
14579415
1067510052
1270222902
48740061
77347405
30947039
454350560
1604490978
1352588923
356398820
387528421
2440754918
23380568
2190989034
16365291
35321581
41506543
2409518833
384287525
468678387
563031770
3199286588
277985017
3060922106
528111355
17979132
98425584
701922881102426112
285658752
4914566915
3060700932
212227848
16905995
3215308558
4904720144
2904831762
94359171
253163284
2360882965
3131727492
56006427
2174129948
2317804506
2598369055
701777128799383552
2400573218
3301717795
701853004576776193
140932902
3188234023
500225832
381309916
3006142250
140009095
56544740
21259229
522516273
3271407410
4904736564
3040687926
31065681
614414137
2724230971
41146173
2723206975
49551168
3023050561
85890882
2963691332
2815858501
135018310
3077470023
2381149897
145361207
22304588
272442338
702597593969225729
3369977524
40892244
338493070
30316375
29275992
2476865370
285710171
4514568028
55883616
22935393
3152066402
59229158
22665063
101832553
1698396014
2989242223
2733053808
2558310257
247131795
2489743223
19949331
620863
806033276
795626
1266431870
701968619689750528
2365552513
3289266050
486668163
4360861572
887950998
717309458863550464
4911798152
373649047
92985666
274257807
2853794596
547002258
3316103059
39616153
2836191128
15685529
2675120028
514013086
3005429663
39285649
22796193
123090312
702962300794179584
702254202781888513
929642406
3481524135
702324834286501888
38229929
2975455146
117152071
8820652
6112242
624211886
1061752477
2324666696
363283325
478383774
3820378038
126687161
2462570426
777746364
61057354
702214599269969921
27304949
14604224
3438278593
2784409538
2900465603
2841696196
2746390469
45127622
3243507361
951888204
39130103
1935349710
39786447
24590288
20866261
229619666
2918914003
359151574
2163314340
3186890714
1153538011
319276026
357776566
27375583
17315808
22456656
75970530
1859383231
2351077350
34133992
702223323174809601
833992688
494229489
149567474
182112541
201504757
2255026167
396441593
565925884
154597374
404347221
2890094593
221116420
3172235606
154015751
3411335176
2742949897
305805325
2380019726
381032464
3183343633
104272899
3042416660
41266862
1386002454
58120216
2497672196
3071531034
339964966
1968281629
42825759
578746401
1616410658
3601946659
2247481381
1899968551
2341433010
351934511
32184368
4910299186
3282606132
19355701
52164662
471404405
702282893112905729
6150202
2560292924
57505853
3308959807
1091344448
2168920129
95746114
2431162435
37886020
2386304694
1325861432
25127265
1269200970
30357579
4523784268
219011149
22411342
149215200
1125890131
303437908
2251281422
4177320023
271689686
2832021860
2897866009
1345189982
48371808
2475866209
15177826
29237038
3253098596
3342850150
543843345
2526600546
2984351854
1750862184
2321463410
60986387
19429494
4748900473
2907234180
3276716155
2666002556
3153738740
4595120254
17412508
1324079232
19123904
15317123
3121035397
702929995690348544
2950961287
1601902728
4560017545
24696970
2751903883
851114125
382339279
1632942224
291895441
2374236307
2803415188
156031342
23804054
16472215
2575071385
30005404
4910422175
3286726819
1555740836
1171376767
14465192
4904859817
285415594
2734251
852039852
3259988078
158072520
86898866
4882839731
79083701
3805550774
853401433
124827833
196393147
2827950269
3217938626
263727478
2590274593
2802759880
189726412
2987972811
21272780
2337050317
2331244753
4594743506
254179539
234559702
71940311
4903868634
3697637595
1117529125
2396286672
595982564
434157797
2885490918
2565642548
1468209384
378632426
50410535
379533548
26079585
230745128
2836297971
3179944182
2544198697
741013752
14628448
2250955002
3325516027
15823914
1066421918
1428934609
64082987
43957752
703356387498336256
15235335
207268554
3021535497
19036428
913226114
2332439138
2909773529
2810914775
2179189124
2260393860
26843419
3695761692
607678170
2292341022
37026181
55145520
2802964771
702202795500445697
539302278
2176432423
273561897
2530507052
3313856221
253376816
33806642
224344372
226040201
5388602
970839744
23490336
175266112
70549685
3003873602
22305091
2516859204
467589447
463100232
126509655
34964535
14178701
699241261765521408
52476242
181041492
378911061
3019250006
14178648
2614122841
3060562267
4909472095
3225712992
26138978
2338576740
557767013
117171260
456874346
1315723628
702640552030953473
3313375598
348838255
21608819
2453941993
717145650
561691001
2491627898
996078655
3739774698
43956607
18225538
1649497638
555604357
3324557702
624943330
1623218570
173873548
136845709
2313984398
26122639
3373013393
20027794
329877889
2755680661
1800601
2561522072
135394372
1600985498
2209717999
2434415004
3873181
2657556895
2490702241
3140876706
85211555
4897872292
614545833
42017863
81721772
2462439854
40940905
1559402929
2598500786
529587955
3312384436
494213558
14621112
577725958
2416548284
3185400253
481524158
3033250242
40739915
902497362
169564613
99056070
3035879879
1191958986
40720843
1065875916
412654030
3225814093
3033160146
49980494
26570489
107780568
2456193444
2858471316
1543420382
71080416
153039952
4912962019
715374284
196438550
27376107
3229096428
3124402669
3589847534
2975767024
2377640360
2191467384
25131509
1911388663
2936363512
2291235980
18266619
1079859709
2335914494
891525656
748255746
306379138
362502664
2596805036
2613565963
2436067861
419090178
15391247
1593408019
3253991954
14563859
3253508628
17119662
2262104598
2485090839
544832024
547205500
4834785818
2372844061
3299645984
52075042
453065251
293673508
1863989797
211311142
1550915323
2203408938
810198127
702586060212084736
4889270832
189132552
717920819
2166954548
1426274870
15445769
57727544
291805620
85144671
387817226
2734438974
316679997
13490752
113474113
1158494786
2832379659
3573791300
17193541
3314063942
2686051425
2436545096
17644108
2882148941
242514510
51649103
1911462480
1465756440
2476366418
453352019
4893383252
12017422
2960347680
3363396185
2605619802
3508165213
3038345822
388908133
1544253703
45873762
42871227
1559386724
266257510
1527970406
2956570385
631961124
2976438896
3573439093
3300170358
2521897591
2355681912
3018865273
111098490
3158301307
4000717437
4353899135
744544896
31491058
1369995906
841831531
3084335751
2283731592
14324844
3421952650
2243222155
3236559501
622344846
911727248
17432344
3003652754
12368532
19266199
126179993
490986138
3315613360
444173365
4876253854
305280112
38353350
2601892520
772545194
1201363627
160544196
2171222702
258620082
21281096
2449603254
2837912249
2930472542
2826771134
980318911
39128864
2918857410
636746436
1552145096
3251509961
245642359
1317763788
615239458
2554843363
474477595
322430072
3299916498
3166288595
1700502229
2768262265
702342915993899008
4907866842
832502491
2674243832
305363678
135372581
2368281313
402234082
19618475
178985712
134249201
1343019762
4356851
4696931060
918723318
2564406007
2167864056
23831679
13826812
3224492798
239696640
796529792
1599675139
3923917573
703305053793222656
1703197447
1962924810
67127767
322992910
701591244502249473
2336824080
588692241
2809281299
1499806484
14973717
801118998
3116112663
2904800024
62143257
3236444960
4894939940
2957859621
66370342
2317610801
2807487276
2870009650
704039631235391488
336141103
915495728
2829499187
3299892020
482343736
608074557
82943797
2345794369
198630213
38491160
917560140
457372813
739760976
54278627
2799154770
1272860473
702607772236574720
2424388938
29555551
366099297
18299746
435272548
78633829
114454332
15147574
2686761836
20020078
3981097839
2843553672
837969043
96426869
14818167
1877562516
475311497
3427523457
3018066411
2722317462
2804620166
33619777
1452972936
180804076
113998731
2975832975
21420944
900840338
45320868
3059284546
3304577941
400112534
2928122778
11279262
23960479
2813794800
15145894
58301354
621460395
702330684556255232
1667971470
543431602
84753333
4904377272
932298596
2249885641
1616930598
3069770690
702202774654586880
4911823813
296106951
228457416
800889805
2815695822
152793636
947059664
49441272
164838356
19706001
49622105
3386645463
174488537
32545756
1695357918
378018783
4502518752
3171072993
2970246115
2885458916
44718195
1129487335
9358042
1862925290
500887378
317370343
1852865522
2976553971
3015113716
19786238
2542478942
2178890743
2570992632
27081721
93527034
13817002
115719168
548232195
1017879558
60464136
37862410
58502999
3392617485
3021489325
47783280
2952215570
2811657235
17972244
845706414
703044356328960001
274267556
22297625
239213594
564255774
403503621
170818593
2990767138
46709795
3122814781
899398694
3787971623
3494747178
618363947
2993773612
49808562
702314088404164608
236829744
3011607048
156515378
203144246
251837495
2302543292
701792695136575488
2675235901
2875259966
556213429
1585429568
2983198560
15285314
3023256643
2451870444
115416161
2259999817
2850446410
185709751
412834892
3031882829
21429326
704450983300984832
78634066
1222868449
126016596
2291604565
28384342
701978943398645761
4729232474
679003
27958365
47479903
4924988513
15932514
3310724283
20880486
620592231
2784066664
2983183548
14383395
1163566190
1157143663
103100711
3434527859
248257652
2545515637
81517687
2649832568
180001913
1529455807
17841276
18979965
3153271934
2796346496
20249729
2855664771
381533316
2710366742
37002374
600317063
3171343496
4894334090
15777984
3081319618
25934990
702581587334967297
802787941
450862225
1434164370
508105923
29346292
2873162903
15751252
33597979
2932645028
228254918
4894186662
142040234
702242132480765952
944546802
15645871
3272580272
448445617
42671283
236238533
1281334453
2369797302
40817865
2165341368
35650745
108759583
86375613
95584117
159079618
702246404576509952
45194439
423591112
3992984780
3300891854
2261515471
43484234
107674837
15109389
2731089785
27811034
19659997
25467429
3117063392
185407523
2302319845
29891814
40297681
14974186
1328176364
2839428333
33030013
2986155248
2968558835
2854346622
16653563
146053674
502144255
15039745
3044326658
8625412
2201951496
4912954633
1967095051
110535270
101798046
195435791
2459753744
460569873
498220308
65617174
2209897752
1362620292
246635802
27188508
215883038
1544011039
702165714136772608
2508774691
2803735848
2891799849
2214636354
36499336
4688043314
330271283
404315444
2612106462
520895798
2364800311
1461820730
3278329195
123428156
823775114
20371102
2457443672
703329899503693825
615718210
266218038
1477965025
139263304
4662648137
69090634
15867213
63044942
25165137
2741706067
3749739860
32570710
2252922199
143801688
2601254234
251272540
2386160186
3048963422
698631725912489984
87047520
314899810
83852643
271367524
481418599
1064197483
75275628
2919873901
318810685
2350833008
295984497
635694268
19373431
1257807224
3276410772
45956475
3928399228
4903411070
540572224
68041486
265543043
1402428805
2737404481
1039375753
1620843914
223419787
1961819533
2875768207
1077157266
494349825
57724579
2761842070
425425189
225122884
41196955
2816916895
31104419
1125154212
703769486432686080
1154399658
17697351
31915436
3136132338
114644744
3036872494
2818842032
2600277235
3850968500
2668699062
2868141498
2474823583
303824316
278429117
257056191
17194432
158172406
4602420681
16261638
145368240
388021710
2304346701
49790416
3164290513
2790727122
15703508
3533159894
705800932970205184
863530916
15736282
1898905051
2299660880
2940070628
4906581479
258252264
1278696937
27180523
557850092
4902378991
1375280624
18275825
35748435
29928781
701982384258875393
27544470
1479589368
138075641
2486313616
4912657663
198278230
2910383774
285113855
31406096
307139840
920051202
392150531
139274826
3226164728
2873884169
28335626
311282263
35159566
160783887
30141016
142918915
3318029844
946634941
355261976
1375944217
44220335
37723677
2518556190
3067878943
1939051328
186596897
102317602
829753394
100310564
18404614
3267100198
3060219825
39738921
26320427
2992479788
2826550829
1587289646
4874910301
2786943685
701928365666635776
2433881353
3540278840
3250101818
158206559
97951292
14655413
700866919746764800
62217797
29392454
339167841
4841725512
59817546
4826750540
208378466
314023502
1185963601
16563794
22756947
1433820756
61535502
298171990
17760185
940179032
530786916
322436699
601955849
108119312
4728962658
107429819
4864794213
3764321894
308575848
2986131049
2332589676
2670780013
339951215
24223345
1611161202
40001141
22637161
1102298744
3259367035
190430844
3022012033
3299401348
2974940807
2729117613
132177546
1729961611
563844124
516669070
1500227058
3406339733
317103766
5660312
4150525593
1901616794
1928855196
1029668510
2598100639
134700704
50862704
505322398
20348588
802004653
3315523246
17757469
235437744
19644360
3969482418
256769715
262749876
1488748213
20061878
373669559
2182618808
3439656635
703043550829633536
2583436990
3022740085
715013826
3323158212
3187859143
378781384
3152125641
1141399243
400989900
24207054
8625872
241163985
19693266
4908613332
109575895
2905554648
4849745625
159579870
4352630495
710870426
187790841
2466774523
3386908389
3023884241
22970088
20808999
11255762
24303
10870512
4852180264
570408690
4904705779
498655651
2382601975
286818040
168155775
2798221806
5735722
4912029440
320864001
79357336
121528067
3321339655
2341019400
282165002
468742103
3038494478
20315919
3279109904
16228113
2571337490
17456916
2477753646
505950340
25321240
3246898970
28565276
92045085
2756271902
81936159
3287760672
17257776
25239330
2802556707
127355526
4922498854
224116520
2840664711
1723959048
2436611628
3309649712
3379732273
1567375154
3267313459
730971956
15114206
18104118
270704440
14704444
20045629
1206746942
2972837173
45612864
563969857
1480695618
236248901
87990086
43828535
749873
96591694
2927281844
22945620
47464277
2468159318
3221888857
520748891
973561693
920272735
1147232096
266387299
2510593892
2845679461
1882079078
159997853
17678311
1702009490
98811759
53690224
4343250801
398286706
18808692
4615995253
140787574
503971703
3274571640
702266224789458944
2315755388
3252920189
2698577436
3390799744
2149547905
703329508330319872
14340075
21815172
4903853959
237920136
533444894
185636683
160455319
3423879053
188784529
3176988562
2536021424
251772910
32918169
4914659225
344850415
119455644
55844765
19840926
14671775
24190886
485992332
2303681078
703361723433033728
3001958319
18988977
2900810398
13778872
165113844
957748148
1321811900
17424319
304226241
2290248960
4898906052
538361798
4908900295
15884232
2182610890
99409867
22339534
47202256
79699921
3229212626
2924535765
109985750
1583260968
261087193
8765592
2944237531
978587642
322289630
28613285
15753185
16482276
277146278
217849831
4909203433
11644812
2369527788
3843142994
1129119726
1673035759
12607472
14370253
1556938741
2880176118
300703737
1426784250
51044349
2320151893
